IFRT
### Header must not be changed. Following Enum definitions used for parameters.
## Modulation_Type_Enum_Def = {DOPPLER = 0, FMCW = 1}
## Data_Format_Enum_Def = {DATA_REAL = 0, DATA_COMPLEX = 1, DATA_COMPLEX_INTERLEAVED = 2}
## Chirp_Shape_Enum_Def = {UP_CHIRP = 0, DOWN_CHIRP = 1, UP_DOWN_CHIRP = 2, DOWN_UP_CHIRP = 3}
## ADC_Samples_Normalized = [0 , 1.0]
## ADC_Samples_NonNormalized = [0, 2^ADC_Res_Bits - 1]
# Version = 1.0
# Num_Tx_Antennas = 1
# Num_Rx_Antennas = 2
# Mask_Tx_Antennas = 1
# Mask_Rx_Antennas = 3
# Are_Rx_Antennas_Interleaved = 0
# Modulation_Type_Enum = 0
# Chirp_Shape_Enum = 0
# Lower_RF_Frequency_kHz = 24050000
# Upper_RF_Frequency_kHz = 24250000
# Sampling_Frequency_kHz = 2
# ADC_Resolution_Bits = 12
# Are_ADC_Samples_Normalized = 1
# Data_Format_Enum = 1
# Chirps_per_Frame = 1
# Samples_per_Chirp = 128
# Samples_per_Frame = 512
# Chirp_Time_sec = 0
# Pulse_Repetition_Time_sec = 0
# Frame_Period_sec = 0.149993

# Frame_Number = 1623
0.06788767
0.059340663
0.053235658
0.049328454
0.043711845
0.03760684
0.031990234
0.026862029
0.022954823
0.020512821
0.016117217
0.013919415
0.014163615
0.013186814
0.0112332115
0.01001221
0.008791209
0.0080586085
0.008302809
0.00952381
0.0112332115
0.014163615
0.015628817
0.016117217
0.01904762
0.021245422
0.022222223
0.024908427
0.032478634
0.03980464
0.045421246
0.048840053
0.052503057
0.058119662
0.06446887
0.07374848
0.082295485
0.08962149
0.09792431
0.10451771
0.11257632
0.12356533
0.13308914
0.13992675
0.14774115
0.15579976
0.16459097
0.17460318
0.18461539
0.19584861
0.20561662
0.21489623
0.22564104
0.23687425
0.24737486
0.25787547
0.27008548
0.2837607
0.2954823
0.30500612
0.31526253
0.32600734
0.33919415
0.35360196
0.36385837
0.37216118
0.38363862
0.39682543
0.40976804
0.42173386
0.43174607
0.44322348
0.4554335
0.4681319
0.4796093
0.48913312
0.49841273
0.51111114
0.52478635
0.53504276
0.54285717
0.5518926
0.5638584
0.576801
0.5873016
0.5941392
0.602442
0.61196584
0.62002444
0.62857145
0.63931626
0.64884007
0.6578755
0.6642247
0.6683761
0.6749695
0.6830281
0.6896215
0.6971917
0.7057387
0.7123321
0.71819293
0.72332114
0.72698414
0.73064715
0.73772895
0.74358976
0.74847376
0.752381
0.75653243
0.76190484
0.76825404
0.77167284
0.77411485
0.77875465
0.78315026
0.78730166
0.79169726
0.79462767
0.79853487
0.8029305
0.8048841
0.8063493
0.8100123
0.8124543
0.8146521
0.8163615
0.8175825
0.48498172
0.48840052
0.49157512
0.49279612
0.49279612
0.49230772
0.49133092
0.48986572
0.48766792
0.48547012
0.4830281
0.4766789
0.4691087
0.4637363
0.4595849
0.4539683
0.44859588
0.44346768
0.43785107
0.43272287
0.42197806
0.40903544
0.39951164
0.39340663
0.38705742
0.37826622
0.36752138
0.35946277
0.35164836
0.34041515
0.32893774
0.32014653
0.31477413
0.30866912
0.2991453
0.2869353
0.2749695
0.26202688
0.25030527
0.23956046
0.23028085
0.21807083
0.20781443
0.20024422
0.19145301
0.18363859
0.17680098
0.16874237
0.16019537
0.15115996
0.14212455
0.13431014
0.12649573
0.117704526
0.10915752
0.10305251
0.09963371
0.092307694
0.081807084
0.07521368
0.071794875
0.06813187
0.062515266
0.05714286
0.052014656
0.048351653
0.04713065
0.044932846
0.041758243
0.04029304
0.04053724
0.03858364
0.036141638
0.034676436
0.034676436
0.03687424
0.03907204
0.040781442
0.041269843
0.041025642
0.041025642
0.042979244
0.045665447
0.047619052
0.04713065
0.048107453
0.052014656
0.05665446
0.060805865
0.06593407
0.070818074
0.072771676
0.07472528
0.08034188
0.08669109
0.092307694
0.095238104
0.09816851
0.10451771
0.11135532
0.116727725
0.12161173
0.12844934
0.13626374
0.14432235
0.15140416
0.15433456
0.15604396
0.16214897
0.17118438
0.17899878
0.18559219
0.19194141
0.19682541
0.20268622
0.20952383
0.21514043
0.22124544
0.22759464
0.23321125
0.23931625
0.24639806
0.25372407
0.26251528
0.26959708
0.2744811
0.2774115
0.2813187
0.39829063
0.39902323
0.39951164
0.40024424
0.40097684
0.40146524
0.40244204
0.40293044
0.40341884
0.40439564
0.40463984
0.40512824
0.40561664
0.40634924
0.40683764
0.40732604
0.40757024
0.40830284
0.40879124
0.40903544
0.40927964
0.40976804
0.41050065
0.41074485
0.41098905
0.41147745
0.41172165
0.41196585
0.41221005
0.41221005
0.41294265
0.41294265
0.41318685
0.41367525
0.41343105
0.41367525
0.41391945
0.41391945
0.41416365
0.41416365
0.41416365
0.41416365
0.41440785
0.41416365
0.41416365
0.41440785
0.41416365
0.41416365
0.41416365
0.41416365
0.41416365
0.41367525
0.41367525
0.41367525
0.41343105
0.41318685
0.41269845
0.41269845
0.41221005
0.41221005
0.41221005
0.41172165
0.41147745
0.41123325
0.41098905
0.41074485
0.41025645
0.40976804
0.40976804
0.40952384
0.40879124
0.40854704
0.40805864
0.40781444
0.40732604
0.40683764
0.40659344
0.40586084
0.40537244
0.40537244
0.40488404
0.40439564
0.40390724
0.40341884
0.40293044
0.40244204
0.40219784
0.40170944
0.40097684
0.40073264
0.40024424
0.39975584
0.39926744
0.39902323
0.39853483
0.39804643
0.39780223
0.39706963
0.39658123
0.39633703
0.39560443
0.39536023
0.39487183
0.39462763
0.39389503
0.39365083
0.39316243
0.39316243
0.39267403
0.39194143
0.39145303
0.39120883
0.39072043
0.39047623
0.38998783
0.38925523
0.38876683
0.38876683
0.38803422
0.38779002
0.38730162
0.38705742
0.38632482
0.38632482
0.38583642
0.38559222
0.38510382
0.38485962
0.48424911
0.48424911
0.4840049
0.48424911
0.48424911
0.4840049
0.48424911
0.48449332
0.48449332
0.48473752
0.48498172
0.48498172
0.48547012
0.48571432
0.48595852
0.48595852
0.48644692
0.48644692
0.48717952
0.48742372
0.48791212
0.48840052
0.48864472
0.48913312
0.48962152
0.49010992
0.49035412
0.49108672
0.49157512
0.49206352
0.49255192
0.49279612
0.49328452
0.49401712
0.49474972
0.49523813
0.49621493
0.49670333
0.49719173
0.49816853
0.49865693
0.49914533
0.50012213
0.50036633
0.50109893
0.50158733
0.50231993
0.50305253
0.50354093
0.50427353
0.50476193
0.50549453
0.50622714
0.50695974
0.50720394
0.50793654
0.50891334
0.50940174
0.50989014
0.51037854
0.51111114
0.51184374
0.51233214
0.51282054
0.51330894
0.51404154
0.51428574
0.51501834
0.51526254
0.51599514
0.51648355
0.51697195
0.51746035
0.51770455
0.51819295
0.51843715
0.51892555
0.51941395
0.51990235
0.52014655
0.52039075
0.52087915
0.52136755
0.52161175
0.52185595
0.52210015
0.52258855
0.52258855
0.52258855
0.52307695
0.52356535
0.52356535
0.52380955
0.52405375
0.52429795
0.52454215
0.52454215
0.52478635
0.52503055
0.52503055
0.52503055
0.52527475
0.52527475
0.52527475
0.52551895
0.52576315
0.52576315
0.52600735
0.52600735
0.52576315
0.52600735
0.52600735
0.52600735
0.52600735
0.52625155
0.52625155
0.52625155
0.52625155
0.52625155
0.52600735
0.52625155
0.52600735
0.52600735
0.52600735
0.52625155
0.52625155
0.52600735
0.52600735
# Frame_Number = 1624
0.99975586
0.99975586
0.98070824
0.9216118
0.86495733
0.8273505
0.79829067
0.76874244
0.74090356
0.71306473
0.6837607
0.6568987
0.63711846
0.62002444
0.6014652
0.5811966
0.5628816
0.5467644
0.53064716
0.51550674
0.50231993
0.49084252
0.4788767
0.4681319
0.4595849
0.45177048
0.44493288
0.43589747
0.42539686
0.41831505
0.41611725
0.41294265
0.40732604
0.39975584
0.39218563
0.38852262
0.38608062
0.38192922
0.37826622
0.37802202
0.3763126
0.37362638
0.37240538
0.36996338
0.36825398
0.36678877
0.36630037
0.36703297
0.36605617
0.36483517
0.36727718
0.36849818
0.36800978
0.36800978
0.36825398
0.36947498
0.37167278
0.37338218
0.3753358
0.37558
0.37338218
0.37216118
0.3753358
0.38119662
0.38437122
0.38510382
0.38583642
0.38901103
0.39194143
0.39413923
0.39755803
0.39926744
0.39877903
0.40048844
0.40366304
0.40610504
0.40683764
0.40732604
0.40903544
0.41074485
0.41025645
0.41001225
0.41147745
0.41367525
0.41709405
0.41855925
0.41733825
0.41611725
0.41709405
0.41904765
0.41855925
0.41636145
0.41440785
0.41269845
0.41074485
0.41123325
0.41172165
0.41050065
0.40805864
0.40659344
0.40488404
0.40146524
0.40024424
0.39829063
0.39584863
0.39389503
0.39169723
0.39120883
0.39023203
0.38608062
0.37997562
0.3775336
0.3775336
0.3750916
0.37338218
0.36874238
0.36361417
0.36092797
0.35897437
0.35726497
0.35457876
0.35115996
0.34774116
0.34603176
0.34505495
0.34334555
0.34139195
0.33968255
0.99975586
0.99975586
1.0
0.99975586
1.0
0.99975586
1.0
0.99975586
0.99975586
1.0
1.0
1.0
0.99975586
0.99975586
1.0
0.99975586
0.99975586
0.99975586
0.99975586
1.0
0.99975586
1.0
1.0
0.99975586
1.0
1.0
1.0
1.0
1.0
0.99975586
1.0
1.0
0.99975586
1.0
1.0
0.99975586
1.0
1.0
1.0
1.0
1.0
0.99975586
0.99975586
1.0
1.0
1.0
0.99975586
0.99975586
1.0
0.99755806
0.98461545
0.97142863
0.9614164
0.9526252
0.945055
0.9357754
0.9245422
0.9142858
0.905983
0.89865696
0.89157516
0.88620275
0.87985355
0.87301594
0.86691093
0.8617827
0.8564103
0.8500611
0.8422467
0.8366301
0.8334555
0.8307693
0.8283273
0.8249085
0.8188035
0.8107449
0.8051283
0.8021979
0.79829067
0.79291826
0.78827846
0.78681326
0.78608066
0.78437126
0.78144085
0.77875465
0.77680105
0.77704525
0.77655685
0.77313805
0.76996344
0.76849824
0.76776564
0.76630044
0.76361424
0.76239324
0.76214904
0.76239324
0.76263744
0.76239324
0.76019543
0.7555556
0.7516484
0.74871796
0.74774116
0.74578756
0.74114776
0.73724055
0.73601955
0.73260075
0.72771674
0.72234434
0.71990234
0.71623933
0.7123321
0.7084249
0.7040293
0.7008547
0.6974359
0.6918193
0.6837607
0.6778999
0.6730159
0.6644689
0.6549451
0.64810747
0.64151406
0.63345546
0.35360196
0.35457876
0.35579976
0.35702077
0.35775337
0.35897437
0.35970697
0.36043957
0.36141637
0.36239317
0.36336997
0.36336997
0.36434677
0.36483517
0.36556777
0.36605617
0.36678877
0.36727718
0.36776558
0.36849818
0.36898658
0.36947498
0.36971918
0.37020758
0.37069598
0.37069598
0.37118438
0.37167278
0.37216118
0.37216118
0.37240538
0.37264958
0.37313798
0.37362638
0.37362638
0.37387058
0.37435898
0.37435898
0.37460318
0.3750916
0.3750916
0.3750916
0.37558
0.37558
0.3758242
0.3758242
0.3760684
0.3763126
0.3765568
0.3765568
0.3765568
0.3765568
0.376801
0.3770452
0.3770452
0.3770452
0.3770452
0.3772894
0.3775336
0.3775336
0.3777778
0.3777778
0.3775336
0.3777778
0.3777778
0.37802202
0.37802202
0.3777778
0.37802202
0.37802202
0.3777778
0.3777778
0.3777778
0.37802202
0.37802202
0.37802202
0.37802202
0.37802202
0.37802202
0.37851042
0.37826622
0.37851042
0.37851042
0.37826622
0.37851042
0.37826622
0.37851042
0.37875462
0.37826622
0.37875462
0.37899882
0.37899882
0.37899882
0.37948722
0.37948722
0.37948722
0.37948722
0.37973142
0.37973142
0.37997562
0.38021982
0.38046402
0.38070822
0.38070822
0.38095242
0.38095242
0.38119662
0.38119662
0.38168502
0.38217342
0.38192922
0.38217342
0.38290602
0.38241762
0.38315022
0.38315022
0.38339442
0.38388282
0.38388282
0.38412702
0.38437122
0.38461542
0.38485962
0.38510382
0.38534802
0.38534802
0.38583642
0.38608062
0.49670333
0.49572653
0.49474972
0.49377292
0.49328452
0.49255192
0.49133092
0.49084252
0.49010992
0.48937732
0.48888892
0.48815632
0.48766792
0.48717952
0.48669112
0.48620272
0.48571432
0.48498172
0.48473752
0.48449332
0.4840049
0.4837607
0.4832723
0.4830281
0.4827839
0.4822955
0.4820513
0.4815629
0.4815629
0.4813187
0.4813187
0.4808303
0.4808303
0.4808303
0.4805861
0.4805861
0.4803419
0.4800977
0.4800977
0.4798535
0.4796093
0.4798535
0.4798535
0.4798535
0.4798535
0.4796093
0.4796093
0.4796093
0.4793651
0.4793651
0.4791209
0.4791209
0.4788767
0.4788767
0.4788767
0.4788767
0.4786325
0.4786325
0.4786325
0.4781441
0.4781441
0.4781441
0.4781441
0.4778999
0.4778999
0.4776557
0.4776557
0.4776557
0.4774115
0.4771673
0.4769231
0.4766789
0.4766789
0.4766789
0.4766789
0.4761905
0.4761905
0.4759463
0.4759463
0.4759463
0.4757021
0.4752137
0.4752137
0.4749695
0.4749695
0.4744811
0.4742369
0.4742369
0.4742369
0.4737485
0.4737485
0.4732601
0.4732601
0.4732601
0.4730159
0.4727717
0.4725275
0.4720391
0.4720391
0.4720391
0.4717949
0.4715507
0.4713065
0.4713065
0.4713065
0.4713065
0.4708181
0.4708181
0.4708181
0.4710623
0.4708181
0.4708181
0.4705739
0.4705739
0.4708181
0.4703297
0.4703297
0.4703297
0.4705739
0.4705739
0.4705739
0.4708181
0.4708181
0.4710623
0.4713065
0.4713065
0.4715507
0.4717949
# Frame_Number = 1625
0.035897437
0.021489622
0.0080586085
7.326008E-4
2.4420026E-4
2.4420026E-4
2.4420026E-4
2.4420026E-4
0.0
2.4420026E-4
2.4420026E-4
2.4420026E-4
2.4420026E-4
2.4420026E-4
2.4420026E-4
2.4420026E-4
0.0
2.4420026E-4
2.4420026E-4
2.4420026E-4
2.4420026E-4
2.4420026E-4
2.4420026E-4
2.4420026E-4
2.4420026E-4
2.4420026E-4
2.4420026E-4
0.01001221
0.02783883
0.042490844
0.052258857
0.062026866
0.072771676
0.08473749
0.09890111
0.11306472
0.12600733
0.13748474
0.14847375
0.16019537
0.17435898
0.18779
0.19951162
0.21050063
0.22197804
0.23272285
0.24175826
0.25152627
0.26129428
0.2717949
0.2815629
0.2913309
0.3010989
0.31086692
0.31965813
0.32600734
0.33040294
0.33626375
0.34285715
0.34993896
0.35726497
0.36239317
0.36605617
0.36923078
0.37313798
0.3770452
0.37997562
0.38241762
0.38559222
0.38827842
0.38949943
0.38998783
0.38901103
0.39169723
0.39829063
0.40170944
0.40488404
0.40781444
0.41172165
0.41758245
0.42173386
0.42515266
0.43052506
0.43711847
0.44175828
0.44542128
0.45079368
0.4571429
0.4634921
0.4710623
0.4800977
0.48864472
0.49841273
0.50940174
0.52039075
0.52991456
0.54017097
0.5521368
0.5623932
0.5716728
0.586569
0.6026862
0.61636144
0.62808305
0.64102566
0.6559219
0.6710623
0.6844933
0.6949939
0.7084249
0.72210014
0.73504275
0.74822956
0.76019543
0.76923084
0.77899885
0.78876686
0.79804647
0.8058609
0.8122101
0.8175825
0.8224665
0.8258853
0.8283273
0.8300367
0.8295483
0.8268621
0.8236875
0.72869354
0.72356534
0.71648353
0.7032967
0.6866911
0.6715507
0.6627595
0.6576313
0.6500611
0.63589746
0.62100124
0.60732603
0.5929182
0.576801
0.5594628
0.543834
0.52991456
0.51697195
0.50207573
0.4830281
0.4600733
0.43956047
0.42368746
0.40927964
0.39096463
0.37094018
0.35115996
0.33040294
0.30818072
0.2854701
0.26349208
0.24468866
0.22759464
0.21098903
0.19340661
0.17509158
0.15579976
0.13626374
0.116483524
0.09768011
0.07985348
0.062026866
0.045909647
0.031501833
0.017094018
0.0024420025
4.884005E-4
4.884005E-4
2.4420026E-4
2.4420026E-4
0.0
2.4420026E-4
0.0
2.4420026E-4
0.0
2.4420026E-4
2.4420026E-4
2.4420026E-4
0.0
2.4420026E-4
2.4420026E-4
2.4420026E-4
2.4420026E-4
0.0
2.4420026E-4
2.4420026E-4
2.4420026E-4
2.4420026E-4
0.0
0.0
0.0
0.0
2.4420026E-4
2.4420026E-4
0.0
2.4420026E-4
2.4420026E-4
2.4420026E-4
2.4420026E-4
0.0
2.4420026E-4
2.4420026E-4
2.4420026E-4
2.4420026E-4
0.0
2.4420026E-4
2.4420026E-4
2.4420026E-4
0.0
0.0
2.4420026E-4
0.0
2.4420026E-4
0.0
0.0
2.4420026E-4
0.0
0.0
0.0
0.0
4.884005E-4
0.015140416
0.035653237
0.052014656
0.06446887
0.07716728
0.092063494
0.11111112
0.13064714
0.15018316
0.17020757
0.19096461
0.21147743
0.23369965
0.25811967
0.2815629
0.3020757
0.32283273
0.34529915
0.36849818
0.38949943
0.41123325
0.43369967
0.4571429
0.4791209
0.50207573
0.52673995
0.5521368
0.39389503
0.39462763
0.39560443
0.39658123
0.39706963
0.39804643
0.39902323
0.39975584
0.40048844
0.40097684
0.40146524
0.40219784
0.40268624
0.40293044
0.40341884
0.40390724
0.40439564
0.40463984
0.40488404
0.40537244
0.40586084
0.40634924
0.40634924
0.40683764
0.40683764
0.40683764
0.40683764
0.40708184
0.40708184
0.40732604
0.40732604
0.40732604
0.40732604
0.40732604
0.40683764
0.40683764
0.40683764
0.40659344
0.40683764
0.40634924
0.40586084
0.40586084
0.40586084
0.40561664
0.40561664
0.40561664
0.40537244
0.40537244
0.40537244
0.40488404
0.40463984
0.40463984
0.40439564
0.40439564
0.40439564
0.40415144
0.40415144
0.40390724
0.40390724
0.40390724
0.40366304
0.40366304
0.40390724
0.40366304
0.40366304
0.40366304
0.40366304
0.40366304
0.40366304
0.40366304
0.40366304
0.40390724
0.40390724
0.40366304
0.40390724
0.40341884
0.40366304
0.40390724
0.40341884
0.40341884
0.40341884
0.40341884
0.40317464
0.40293044
0.40293044
0.40268624
0.40268624
0.40244204
0.40219784
0.40195364
0.40170944
0.40122104
0.40097684
0.40048844
0.40000004
0.39975584
0.39902323
0.39853483
0.39829063
0.39755803
0.39706963
0.39658123
0.39609283
0.39536023
0.39462763
0.39389503
0.39316243
0.39267403
0.39194143
0.39120883
0.39072043
0.38974363
0.38901103
0.38827842
0.38779002
0.38705742
0.38632482
0.38608062
0.38534802
0.38510382
0.38437122
0.38388282
0.38363862
0.38339442
0.38290602
0.38266182
0.38217342
0.38217342
0.4576313
0.4581197
0.4583639
0.4588523
0.4590965
0.4590965
0.4590965
0.4595849
0.4600733
0.4603175
0.4605617
0.4612943
0.4620269
0.4622711
0.4630037
0.4632479
0.4639805
0.4644689
0.4654457
0.4661783
0.4669109
0.4673993
0.4681319
0.4691087
0.4700855
0.4710623
0.4717949
0.4730159
0.4739927
0.4749695
0.4757021
0.4766789
0.4776557
0.4786325
0.4796093
0.4805861
0.4815629
0.4827839
0.4837607
0.48498172
0.48595852
0.48693532
0.48791212
0.48888892
0.49010992
0.49084252
0.49181932
0.49230772
0.49352872
0.49426132
0.49523813
0.49621493
0.49694753
0.49768013
0.49865693
0.49938953
0.50061053
0.50134313
0.50183153
0.50256413
0.50305253
0.50402933
0.50451773
0.50525033
0.50573874
0.50647134
0.50695974
0.50744814
0.50793654
0.50842494
0.50891334
0.50940174
0.50989014
0.51013434
0.51062274
0.51086694
0.51111114
0.51135534
0.51184374
0.51233214
0.51233214
0.51257634
0.51306474
0.51330894
0.51330894
0.51379734
0.51404154
0.51428574
0.51428574
0.51452994
0.51477414
0.51501834
0.51526254
0.51575094
0.51550674
0.51550674
0.51575094
0.51575094
0.51575094
0.51575094
0.51575094
0.51575094
0.51575094
0.51550674
0.51526254
0.51477414
0.51452994
0.51428574
0.51379734
0.51330894
0.51282054
0.51233214
0.51159954
0.51111114
0.51062274
0.50989014
0.50940174
0.50866914
0.50793654
0.50720394
0.50647134
0.50549453
0.50476193
0.50402933
0.50305253
0.50207573
0.50134313
0.50012213
# Frame_Number = 1626
0.53040296
0.54236877
0.5553114
0.5680098
0.5814408
0.5921856
0.6031746
0.61538464
0.63003665
0.64688647
0.6654457
0.6844933
0.7020757
0.71794873
0.73382175
0.7518926
0.77142864
0.79120886
0.8080587
0.8246643
0.8422467
0.8595849
0.87570214
0.88937736
0.90109897
0.9167278
0.932845
0.9470086
0.9606838
0.97094023
0.97704524
0.98290604
0.98803425
0.99291825
0.99853486
0.99975586
0.99975586
1.0
0.99975586
1.0
1.0
1.0
1.0
1.0
0.99975586
0.99975586
1.0
0.99975586
0.99975586
0.99975586
0.99975586
0.99951166
0.99096465
0.97826624
0.9680098
0.958486
0.9470086
0.9326008
0.915751
0.89792436
0.87985355
0.8595849
0.8363859
0.8109891
0.78437126
0.753602
0.72087914
0.6879121
0.6534799
0.61587304
0.576801
0.53479856
0.49133092
0.44737488
0.40097684
0.35213676
0.30402932
0.25665447
0.20683762
0.15433456
0.10354091
0.05421246
0.007814408
7.326008E-4
4.884005E-4
2.4420026E-4
2.4420026E-4
2.4420026E-4
2.4420026E-4
2.4420026E-4
2.4420026E-4
2.4420026E-4
2.4420026E-4
2.4420026E-4
2.4420026E-4
0.0
2.4420026E-4
2.4420026E-4
2.4420026E-4
2.4420026E-4
2.4420026E-4
2.4420026E-4
2.4420026E-4
2.4420026E-4
2.4420026E-4
2.4420026E-4
2.4420026E-4
2.4420026E-4
2.4420026E-4
0.0
2.4420026E-4
0.0
2.4420026E-4
2.4420026E-4
2.4420026E-4
2.4420026E-4
2.4420026E-4
2.4420026E-4
2.4420026E-4
2.4420026E-4
0.0
2.4420026E-4
2.4420026E-4
2.4420026E-4
2.4420026E-4
2.4420026E-4
2.4420026E-4
2.4420026E-4
0.78510386
0.6905983
0.62319905
0.560928
0.49450552
0.42954826
0.36776558
0.31086692
0.25958487
0.21098903
0.16434677
0.12087913
0.082539685
0.050061055
0.01855922
0.0012210013
4.884005E-4
2.4420026E-4
2.4420026E-4
0.0
2.4420026E-4
2.4420026E-4
0.0
2.4420026E-4
2.4420026E-4
0.0
2.4420026E-4
2.4420026E-4
2.4420026E-4
2.4420026E-4
2.4420026E-4
0.0
2.4420026E-4
0.0
2.4420026E-4
0.0056166057
0.036385838
0.071550675
0.09865691
0.11965813
0.14310135
0.17069598
0.19926742
0.22564104
0.25079367
0.2771673
0.30549452
0.33260074
0.35750917
0.38632482
0.42002445
0.4527473
0.4830281
0.51477414
0.5482296
0.5797314
0.61025643
0.64346766
0.6793651
0.71746033
0.7550672
0.79096466
0.8278389
0.86739933
0.9079366
0.9482296
0.98852265
0.99926746
0.99975586
1.0
0.99975586
0.99975586
0.99975586
1.0
0.99975586
1.0
1.0
1.0
0.99975586
1.0
0.99975586
0.99975586
1.0
1.0
0.99975586
0.99975586
1.0
1.0
1.0
1.0
1.0
1.0
1.0
1.0
1.0
1.0
1.0
1.0
1.0
1.0
1.0
1.0
1.0
1.0
1.0
1.0
1.0
0.962149
0.88205135
0.8085471
0.7538462
0.7062271
0.6583639
0.61001223
0.564591
0.52161175
0.4815629
0.44322348
0.40610504
0.37069598
0.33992675
0.31282052
0.2852259
0.25982907
0.23833945
0.21831504
0.20024422
0.18559219
0.39731383
0.39682543
0.39633703
0.39584863
0.39560443
0.39487183
0.39438343
0.39365083
0.39316243
0.39218563
0.39145303
0.39072043
0.38949943
0.38876683
0.38779002
0.38705742
0.38608062
0.38534802
0.38437122
0.38315022
0.38192922
0.38095242
0.38046402
0.37948722
0.37826622
0.3777778
0.3765568
0.37558
0.37484738
0.37411478
0.37338218
0.37264958
0.37191698
0.37118438
0.37020758
0.36971918
0.36923078
0.36849818
0.36800978
0.36727718
0.36703297
0.36630037
0.36581197
0.36532357
0.36483517
0.36434677
0.36434677
0.36410257
0.36336997
0.36336997
0.36288157
0.36263737
0.36263737
0.36239317
0.36239317
0.36239317
0.36239317
0.36239317
0.36312577
0.36336997
0.36336997
0.36434677
0.36434677
0.36532357
0.36605617
0.36678877
0.36800978
0.36898658
0.37020758
0.37142858
0.37313798
0.37435898
0.3763126
0.37802202
0.37973142
0.38168502
0.38363862
0.38583642
0.38803422
0.38998783
0.39242983
0.39487183
0.39706963
0.39951164
0.40195364
0.40415144
0.40683764
0.40927964
0.41172165
0.41367525
0.41636145
0.41880345
0.42075706
0.42295486
0.42490846
0.42661786
0.42832726
0.43028086
0.43174607
0.43296707
0.43443227
0.43565327
0.43638587
0.43760687
0.43809527
0.43907207
0.43956047
0.43980467
0.44004887
0.44004887
0.44029307
0.44004887
0.44029307
0.43980467
0.43956047
0.43907207
0.43882787
0.43809527
0.43711847
0.43663007
0.43589747
0.43540907
0.43467647
0.43394387
0.43296707
0.43223447
0.43150187
0.43076926
0.4744811
0.4769231
0.4796093
0.4818071
0.48449332
0.48669112
0.48888892
0.49084252
0.49304032
0.49474972
0.49670333
0.49841273
0.50012213
0.50158733
0.50329673
0.50500613
0.50622714
0.50695974
0.50793654
0.50891334
0.50940174
0.51013434
0.51086694
0.51135534
0.51159954
0.51208794
0.51208794
0.51208794
0.51208794
0.51208794
0.51208794
0.51184374
0.51135534
0.51111114
0.51086694
0.51013434
0.50989014
0.50940174
0.50891334
0.50818074
0.50744814
0.50671554
0.50598294
0.50525033
0.50427353
0.50354093
0.50305253
0.50207573
0.50085473
0.49963373
0.49865693
0.49743593
0.49621493
0.49499393
0.49377292
0.49230772
0.49084252
0.48937732
0.48791212
0.48644692
0.48473752
0.4827839
0.4808303
0.4791209
0.4769231
0.4749695
0.4730159
0.4708181
0.4688645
0.4669109
0.4649573
0.4627595
0.4605617
0.4590965
0.4568987
0.4551893
0.4532357
0.45152628
0.45006108
0.44859588
0.44737488
0.44615388
0.44468868
0.44371188
0.44273508
0.44224668
0.44200248
0.44151407
0.44102567
0.44078147
0.44102567
0.44151407
0.44175828
0.44224668
0.44297928
0.44371188
0.44468868
0.44590968
0.44688648
0.44835168
0.44957268
0.45128208
0.4527473
0.4542125
0.4561661
0.4578755
0.4595849
0.4612943
0.4630037
0.4644689
0.4661783
0.4678877
0.4695971
0.4710623
0.4727717
0.4739927
0.4754579
0.4769231
0.4781441
0.4796093
0.4808303
0.4818071
0.4830281
0.4840049
0.48498172
0.48571432
0.48644692
0.48717952
# Frame_Number = 1627
2.4420026E-4
2.4420026E-4
2.4420026E-4
2.4420026E-4
2.4420026E-4
7.326008E-4
0.03956044
0.10354091
0.16092797
0.20512822
0.24444446
0.2866911
0.33357754
0.37948722
0.42295486
0.4642247
0.50549453
0.5482296
0.5892552
0.62930405
0.6688645
0.7059829
0.74041516
0.77558005
0.8105007
0.8412699
0.87130654
0.90158737
0.9301588
0.9567766
0.98217344
0.99853486
0.99951166
0.99975586
0.99975586
1.0
1.0
1.0
1.0
1.0
1.0
1.0
1.0
0.99975586
1.0
1.0
0.99975586
0.99975586
0.99975586
0.99975586
1.0
0.99975586
0.99975586
1.0
1.0
0.99975586
1.0
1.0
1.0
1.0
0.99975586
1.0
0.99975586
1.0
1.0
1.0
0.99975586
0.99975586
1.0
0.99975586
1.0
0.99975586
1.0
1.0
0.99975586
0.99975586
0.99975586
0.99975586
0.99975586
0.99975586
0.99975586
1.0
0.99975586
0.99975586
0.99975586
1.0
0.99975586
0.99926746
0.98021984
0.957265
0.9421246
0.929182
0.9155068
0.90256417
0.88888896
0.87545794
0.86544573
0.8529915
0.8380953
0.8263737
0.8168499
0.8053725
0.79267406
0.77997565
0.76996344
0.76190484
0.7528694
0.74236876
0.73162395
0.72185594
0.71330893
0.7052503
0.6954823
0.6874237
0.6808303
0.6732601
0.6647131
0.6571429
0.6500611
0.64224666
0.63516486
0.63003665
0.62735045
0.62344325
0.61636144
0.61001223
0.6041514
0.5992674
0.20659342
0.17509158
0.14383395
0.11330892
0.08595849
0.06398047
0.043956045
0.023443226
0.0053724055
4.884005E-4
2.4420026E-4
2.4420026E-4
2.4420026E-4
2.4420026E-4
2.4420026E-4
2.4420026E-4
2.4420026E-4
2.4420026E-4
2.4420026E-4
2.4420026E-4
2.4420026E-4
2.4420026E-4
2.4420026E-4
2.4420026E-4
2.4420026E-4
0.0
0.006593407
0.031746034
0.05567766
0.07326008
0.08864469
0.10427351
0.12161173
0.13992675
0.15946276
0.18070818
0.20073262
0.21929184
0.23736265
0.25738707
0.2788767
0.2993895
0.31916973
0.33894995
0.36092797
0.38461542
0.40805864
0.42905986
0.45054948
0.4703297
0.49059832
0.51111114
0.53186816
0.55116
0.568254
0.582906
0.5965812
0.61172163
0.63101345
0.6512821
0.6656899
0.6761905
0.6847375
0.6937729
0.7006105
0.7057387
0.7123321
0.71697193
0.71916974
0.71990234
0.71868134
0.71648353
0.71452993
0.7125763
0.7111111
0.7067155
0.6998779
0.6949939
0.6896215
0.6837607
0.6769231
0.6688645
0.6622711
0.6547009
0.64615387
0.63614166
0.62661785
0.61611724
0.602442
0.591453
0.5851038
0.5799756
0.5736264
0.5660562
0.5582418
0.5501832
0.5431014
0.53577536
0.53015876
0.52722836
0.52234435
0.51550674
0.51135534
0.50671554
0.50354093
0.49768013
0.49010992
0.48547012
0.4835165
0.4805861
0.4752137
0.4693529
0.4622711
0.4566545
0.4532357
0.44981688
0.44737488
0.44590968
0.44542128
0.44639808
0.44639808
0.44444448
0.44297928
0.44273508
0.44395608
0.44371188
0.44444448
0.44737488
0.43492067
0.43418807
0.43296707
0.43223447
0.43101346
0.42979246
0.42881566
0.42710626
0.42588526
0.42466426
0.42344326
0.42148966
0.42026865
0.41880345
0.41733825
0.41562885
0.41416365
0.41269845
0.41074485
0.40927964
0.40781444
0.40634924
0.40463984
0.40317464
0.40170944
0.40024424
0.39902323
0.39706963
0.39584863
0.39438343
0.39316243
0.39169723
0.39047623
0.38925523
0.38827842
0.38705742
0.38583642
0.38485962
0.38388282
0.38290602
0.38192922
0.38070822
0.37997562
0.37899882
0.37802202
0.3772894
0.3765568
0.3758242
0.3750916
0.37411478
0.37362638
0.37313798
0.37240538
0.37167278
0.37142858
0.37069598
0.37045178
0.36971918
0.36947498
0.36923078
0.36874238
0.36849818
0.36825398
0.36776558
0.36727718
0.36678877
0.36678877
0.36630037
0.36630037
0.36605617
0.36605617
0.36581197
0.36581197
0.36581197
0.36556777
0.36532357
0.36507937
0.36507937
0.36556777
0.36532357
0.36507937
0.36532357
0.36532357
0.36556777
0.36556777
0.36581197
0.36581197
0.36581197
0.36581197
0.36581197
0.36605617
0.36605617
0.36605617
0.36654457
0.36654457
0.36630037
0.36654457
0.36678877
0.36678877
0.36727718
0.36752138
0.36776558
0.36776558
0.36800978
0.36776558
0.36800978
0.36800978
0.36825398
0.36825398
0.36849818
0.36849818
0.36874238
0.36898658
0.36898658
0.36923078
0.36923078
0.36947498
0.36947498
0.36971918
0.36971918
0.36996338
0.36996338
0.36996338
0.37020758
0.37020758
0.37045178
0.37069598
0.37045178
0.4808303
0.4822955
0.4835165
0.48498172
0.48595852
0.48717952
0.48840052
0.48937732
0.49059832
0.49133092
0.49206352
0.49304032
0.49352872
0.49426132
0.49474972
0.49523813
0.49572653
0.49621493
0.49670333
0.49694753
0.49694753
0.49719173
0.49719173
0.49719173
0.49719173
0.49719173
0.49670333
0.49670333
0.49645913
0.49621493
0.49572653
0.49548233
0.49499393
0.49474972
0.49426132
0.49401712
0.49352872
0.49304032
0.49255192
0.49206352
0.49157512
0.49084252
0.49035412
0.48962152
0.48888892
0.48791212
0.48717952
0.48669112
0.48595852
0.48522592
0.48449332
0.4835165
0.4830281
0.4822955
0.4818071
0.4810745
0.4800977
0.4793651
0.4786325
0.4781441
0.4776557
0.4771673
0.4764347
0.4761905
0.4757021
0.4752137
0.4749695
0.4747253
0.4744811
0.4742369
0.4742369
0.4739927
0.4737485
0.4737485
0.4739927
0.4737485
0.4737485
0.4737485
0.4737485
0.4739927
0.4739927
0.4742369
0.4742369
0.4744811
0.4747253
0.4749695
0.4752137
0.4757021
0.4757021
0.4759463
0.4761905
0.4761905
0.4766789
0.4769231
0.4771673
0.4774115
0.4774115
0.4774115
0.4776557
0.4781441
0.4781441
0.4783883
0.4783883
0.4786325
0.4788767
0.4791209
0.4791209
0.4791209
0.4796093
0.4796093
0.4798535
0.4800977
0.4803419
0.4805861
0.4808303
0.4810745
0.4810745
0.4810745
0.4808303
0.4810745
0.4813187
0.4813187
0.4813187
0.4813187
0.4815629
0.4813187
0.4813187
0.4813187
# Frame_Number = 1629
0.99975586
0.99975586
1.0
1.0
0.908425
0.6874237
0.50207573
0.41098905
0.38901103
0.40610504
0.4559219
0.54065937
0.6600733
0.8105007
0.97264963
0.99853486
0.99975586
1.0
0.99975586
1.0
1.0
1.0
1.0
1.0
1.0
1.0
0.99975586
0.99975586
1.0
1.0
1.0
0.99975586
1.0
1.0
0.99975586
0.99975586
1.0
0.99975586
1.0
1.0
0.99975586
1.0
0.99975586
0.99975586
0.99975586
0.99975586
0.99975586
1.0
0.99975586
1.0
0.99975586
1.0
1.0
0.99975586
0.99975586
0.99975586
0.99975586
1.0
1.0
0.99975586
1.0
1.0
1.0
1.0
0.99975586
0.9301588
0.72405374
0.52283275
0.38290602
0.2847375
0.20000002
0.115995124
0.04029304
0.0024420025
4.884005E-4
2.4420026E-4
2.4420026E-4
2.4420026E-4
2.4420026E-4
2.4420026E-4
2.4420026E-4
2.4420026E-4
2.4420026E-4
2.4420026E-4
2.4420026E-4
2.4420026E-4
2.4420026E-4
2.4420026E-4
2.4420026E-4
2.4420026E-4
2.4420026E-4
2.4420026E-4
2.4420026E-4
2.4420026E-4
2.4420026E-4
2.4420026E-4
2.4420026E-4
2.4420026E-4
2.4420026E-4
2.4420026E-4
2.4420026E-4
2.4420026E-4
2.4420026E-4
2.4420026E-4
2.4420026E-4
2.4420026E-4
2.4420026E-4
2.4420026E-4
2.4420026E-4
2.4420026E-4
2.4420026E-4
2.4420026E-4
2.4420026E-4
2.4420026E-4
2.4420026E-4
2.4420026E-4
2.4420026E-4
2.4420026E-4
2.4420026E-4
2.4420026E-4
2.4420026E-4
4.884005E-4
2.4420026E-4
2.4420026E-4
2.4420026E-4
2.4420026E-4
2.4420026E-4
2.4420026E-4
0.0
0.0
2.4420026E-4
2.4420026E-4
2.4420026E-4
2.4420026E-4
0.0
0.0
2.4420026E-4
2.4420026E-4
2.4420026E-4
2.4420026E-4
2.4420026E-4
0.0
2.4420026E-4
2.4420026E-4
2.4420026E-4
0.0
2.4420026E-4
0.0
0.0
0.0
2.4420026E-4
0.0
2.4420026E-4
0.0
2.4420026E-4
0.0
0.0
0.0
0.0
0.0
2.4420026E-4
2.4420026E-4
0.0
0.0
0.0
0.0
0.0
0.0
2.4420026E-4
2.4420026E-4
0.0
2.4420026E-4
0.0
0.0
0.0
0.041514043
0.19829062
0.39853483
0.5956044
0.79120886
0.97484744
0.99853486
0.99975586
0.99975586
1.0
0.99975586
1.0
1.0
1.0
0.99975586
1.0
1.0
1.0
0.99975586
1.0
1.0
1.0
1.0
1.0
0.99975586
1.0
1.0
0.99975586
0.99975586
1.0
0.99975586
1.0
1.0
1.0
1.0
1.0
1.0
1.0
0.99975586
0.99975586
0.99975586
1.0
1.0
0.99975586
1.0
0.99975586
1.0
1.0
1.0
1.0
0.99975586
1.0
1.0
1.0
0.99975586
1.0
1.0
1.0
1.0
1.0
1.0
1.0
1.0
1.0
1.0
1.0
1.0
0.86984134
0.5880342
0.33724055
0.17191698
0.05494506
0.0029304032
2.4420026E-4
2.4420026E-4
2.4420026E-4
2.4420026E-4
0.0
2.4420026E-4
2.4420026E-4
2.4420026E-4
0.34383395
0.35018316
0.35677657
0.36288157
0.36874238
0.37338218
0.3765568
0.37875462
0.37899882
0.3777778
0.3753358
0.37118438
0.36581197
0.35970697
0.35262516
0.34505495
0.33724055
0.32967034
0.32258853
0.31623933
0.31062272
0.30573872
0.3018315
0.2993895
0.2979243
0.2974359
0.2974359
0.2981685
0.2996337
0.3013431
0.30329672
0.30525032
0.30720392
0.30866912
0.30964592
0.31037852
0.31062272
0.31037852
0.30964592
0.30793652
0.30622712
0.30354092
0.3008547
0.2979243
0.2949939
0.2918193
0.2888889
0.2862027
0.2842491
0.2825397
0.2818071
0.2815629
0.2825397
0.2840049
0.2862027
0.2896215
0.2932845
0.2976801
0.3028083
0.30793652
0.31355312
0.31916973
0.32503054
0.33089134
0.33650795
0.34212455
0.34725276
0.35213676
0.35653237
0.36043957
0.36385837
0.36727718
0.36996338
0.37240538
0.37435898
0.3763126
0.37826622
0.38021982
0.38241762
0.38485962
0.38730162
0.39023203
0.39365083
0.39780223
0.40219784
0.40708184
0.41221005
0.41807085
0.42417586
0.43076926
0.43711847
0.44420028
0.45103788
0.4578755
0.4644689
0.4710623
0.4769231
0.4825397
0.48742372
0.49157512
0.49523813
0.49816853
0.50036633
0.50134313
0.50207573
0.50134313
0.50012213
0.49792433
0.49523813
0.49230772
0.48840052
0.4840049
0.4796093
0.4744811
0.4695971
0.4647131
0.4593407
0.4547009
0.44981688
0.44493288
0.44053727
0.43638587
0.43272287
0.42930406
0.42637366
0.42368746
0.42148966
0.41978025
0.5709402
0.5709402
0.571917
0.5741148
0.5775336
0.581685
0.5868132
0.5931624
0.5995116
0.60659343
0.61343104
0.61978024
0.62539685
0.62954825
0.63296705
0.63492066
0.63492066
0.63369966
0.63052505
0.62686205
0.62222224
0.61611724
0.60952383
0.602442
0.595116
0.58779
0.5807082
0.574359
0.5684982
0.5636142
0.5594628
0.5562882
0.5538462
0.552381
0.5518926
0.5518926
0.552381
0.5531136
0.5540904
0.5550672
0.5555556
0.5557998
0.5553114
0.5538462
0.5514042
0.5479854
0.5433456
0.53772897
0.53137976
0.52405375
0.51575094
0.50695974
0.49768013
0.48815632
0.4786325
0.4698413
0.4610501
0.4532357
0.44566548
0.43907207
0.43296707
0.42783886
0.42393166
0.42051286
0.41807085
0.41611725
0.41514045
0.41416365
0.41391945
0.41391945
0.41367525
0.41391945
0.41391945
0.41391945
0.41343105
0.41269845
0.41172165
0.41001225
0.40830284
0.40586084
0.40293044
0.39975584
0.39584863
0.39194143
0.38803422
0.38388282
0.38021982
0.3765568
0.37362638
0.37069598
0.36849818
0.36703297
0.36630037
0.36630037
0.36752138
0.36923078
0.37167278
0.3753358
0.37948722
0.38485962
0.39072043
0.39731383
0.40463984
0.41221005
0.42051286
0.42857146
0.43711847
0.44590968
0.4547009
0.4632479
0.4713065
0.4793651
0.48717952
0.49426132
0.50109893
0.50695974
0.51257634
0.51746035
0.52185595
0.52576315
0.52918196
0.53186816
0.53382176
0.53504276
0.53626376
0.53650796
0.53650796
0.53626376
# Frame_Number = 1630
0.9604396
0.9545788
0.9448108
0.9308914
0.91453
0.89670336
0.87667894
0.8537241
0.8290599
0.8036631
0.77777785
0.7526252
0.72698414
0.7013431
0.6754579
0.6505495
0.62930405
0.61147743
0.593895
0.5763126
0.5606838
0.5489622
0.54236877
0.53919417
0.53943837
0.5435898
0.5472528
0.5526252
0.5626374
0.57558
0.5929182
0.61098903
0.62735045
0.64566547
0.6647131
0.6857143
0.7059829
0.72258854
0.73626375
0.74871796
0.76141644
0.77240545
0.78144085
0.78559226
0.78534806
0.78388286
0.78217345
0.77680105
0.76971924
0.76117224
0.75116
0.74114776
0.73089135
0.72185594
0.71526253
0.7086691
0.7023199
0.6952381
0.6881563
0.6822955
0.6805861
0.6796093
0.6803419
0.6827839
0.6888889
0.7001221
0.71770453
0.73577535
0.7540904
0.77387065
0.79487187
0.8175825
0.8410257
0.86715513
0.89304036
0.9167278
0.9396826
0.9628816
0.98901105
0.99926746
0.99975586
0.99975586
1.0
1.0
0.99975586
0.99975586
0.99975586
1.0
1.0
1.0
1.0
0.99975586
1.0
0.99975586
0.99975586
1.0
1.0
1.0
0.99975586
0.99975586
1.0
0.99975586
1.0
1.0
0.99975586
1.0
1.0
1.0
1.0
1.0
0.99975586
1.0
1.0
0.99975586
0.99975586
0.99975586
1.0
0.99975586
1.0
1.0
1.0
1.0
0.99975586
1.0
0.99975586
1.0
1.0
0.99975586
0.34065935
0.31794873
0.3015873
0.2869353
0.2742369
0.26520148
0.25885227
0.25763127
0.26056167
0.26617828
0.2764347
0.2905983
0.30598292
0.32405373
0.34798536
0.3765568
0.40854704
0.44053727
0.4715507
0.50329673
0.53626376
0.5716728
0.61050063
0.6505495
0.6915751
0.73040295
0.76776564
0.8034189
0.8393163
0.87252754
0.90085477
0.9245422
0.945055
0.9623932
0.97362643
0.98070824
0.98461545
0.98559225
0.98485965
0.97851044
0.96874243
0.9594628
0.9496948
0.9369964
0.923077
0.9091576
0.89230776
0.87374854
0.8583639
0.8449329
0.8319903
0.8180709
0.8029305
0.78876686
0.77533585
0.75921863
0.74432236
0.72820514
0.7115995
0.6949939
0.6788767
0.6620269
0.64395607
0.62515265
0.60805863
0.5882784
0.5638584
0.53821737
0.51208794
0.4832723
0.4527473
0.42002445
0.38583642
0.35360196
0.32185593
0.2864469
0.25152627
0.22246644
0.19804642
0.17338218
0.14896215
0.12503053
0.105250314
0.08937729
0.07350428
0.059096463
0.049084254
0.04713065
0.053235658
0.06642247
0.08864469
0.12112333
0.16239317
0.21196583
0.26862028
0.33284494
0.40586084
0.48791212
0.5736264
0.6664225
0.77167284
0.88766795
0.98779005
0.99902326
1.0
0.99975586
0.99975586
1.0
0.99975586
0.99975586
0.99975586
0.99975586
1.0
1.0
1.0
1.0
1.0
1.0
0.99975586
1.0
0.99975586
1.0
1.0
1.0
1.0
0.99975586
1.0
0.99975586
0.37460318
0.37435898
0.37435898
0.37460318
0.37460318
0.3750916
0.37558
0.3760684
0.3765568
0.3775336
0.37802202
0.37851042
0.37948722
0.37997562
0.38095242
0.38144082
0.38192922
0.38241762
0.38315022
0.38388282
0.38412702
0.38437122
0.38437122
0.38437122
0.38437122
0.38412702
0.38388282
0.38363862
0.38315022
0.38241762
0.38168502
0.38119662
0.38021982
0.37948722
0.37851042
0.3775336
0.3770452
0.3760684
0.3753358
0.37460318
0.37362638
0.37313798
0.37264958
0.37240538
0.37216118
0.37167278
0.37167278
0.37167278
0.37167278
0.37191698
0.37191698
0.37216118
0.37216118
0.37216118
0.37240538
0.37240538
0.37240538
0.37264958
0.37264958
0.37240538
0.37240538
0.37216118
0.37216118
0.37167278
0.37118438
0.37045178
0.36971918
0.36874238
0.36752138
0.36654457
0.36532357
0.36434677
0.36312577
0.36190477
0.36043957
0.35946277
0.35799757
0.35677657
0.35531136
0.35384616
0.35262516
0.35140416
0.35018316
0.34847376
0.34725276
0.34603176
0.34481075
0.34383395
0.34261295
0.34188035
0.34139195
0.34065935
0.34017095
0.33968255
0.33943835
0.33894995
0.33846155
0.33797315
0.33748475
0.33699635
0.33650795
0.33601955
0.33601955
0.33528695
0.33455434
0.33382174
0.33284494
0.33162394
0.33015874
0.32869354
0.32698414
0.32503054
0.32283273
0.32014653
0.31721613
0.31404153
0.31037852
0.30671552
0.3023199
0.2979243
0.2932845
0.2881563
0.2827839
0.2776557
0.2720391
0.26691088
0.26153848
0.25665447
0.49914533
0.50012213
0.50061053
0.50134313
0.50183153
0.50207573
0.50231993
0.50256413
0.50231993
0.50207573
0.50183153
0.50134313
0.50061053
0.49963373
0.49865693
0.49768013
0.49670333
0.49548233
0.49426132
0.49304032
0.49133092
0.48986572
0.48815632
0.48669112
0.48498172
0.4832723
0.4815629
0.4800977
0.4786325
0.4774115
0.4759463
0.4749695
0.4742369
0.4732601
0.4727717
0.4720391
0.4717949
0.4713065
0.4713065
0.4710623
0.4708181
0.4710623
0.4710623
0.4710623
0.4713065
0.4717949
0.4717949
0.4720391
0.4722833
0.4725275
0.4727717
0.4730159
0.4730159
0.4732601
0.4737485
0.4742369
0.4744811
0.4749695
0.4752137
0.4757021
0.4761905
0.4769231
0.4774115
0.4778999
0.4788767
0.4796093
0.4805861
0.4815629
0.4827839
0.4840049
0.48522592
0.48669112
0.48791212
0.48937732
0.49108672
0.49255192
0.49352872
0.49499393
0.49621493
0.49743593
0.49841273
0.49938953
0.50061053
0.50158733
0.50231993
0.50305253
0.50305253
0.50329673
0.50305253
0.50231993
0.50134313
0.49963373
0.49816853
0.49621493
0.49377292
0.49084252
0.48791212
0.48424911
0.4800977
0.4757021
0.4713065
0.4661783
0.4605617
0.4547009
0.44835168
0.44224668
0.43565327
0.42881566
0.42197806
0.41514045
0.40805864
0.40122104
0.39438343
0.38754582
0.38119662
0.3750916
0.36923078
0.36434677
0.36019537
0.35653237
0.35360196
0.35213676
0.35140416
0.35213676
0.35433456
0.35799757
0.36312577
0.36996338
# Frame_Number = 1631
2.4420026E-4
2.4420026E-4
2.4420026E-4
2.4420026E-4
2.4420026E-4
0.0
0.035164837
0.14700855
0.26007327
0.34041515
0.40610504
0.4742369
0.54261297
0.60781443
0.6688645
0.72283274
0.77264965
0.8210013
0.86446893
0.90012217
0.9264958
0.9496948
0.96971923
0.98461545
0.99169725
0.99291825
0.98803425
0.97728944
0.9611722
0.9423688
0.9235654
0.90256417
0.87716734
0.8507937
0.8271063
0.8009769
0.76874244
0.73943835
0.7120879
0.6849817
0.6593407
0.63247865
0.6051282
0.5797314
0.554823
0.53015876
0.50720394
0.48693532
0.4683761
0.45079368
0.43199027
0.41221005
0.39536023
0.37924302
0.36166057
0.34529915
0.33040294
0.31794873
0.30549452
0.2937729
0.2813187
0.27008548
0.26105008
0.25054947
0.24004886
0.23101345
0.22344324
0.21611723
0.20830283
0.20024422
0.19267401
0.1875458
0.18266179
0.17704518
0.16923077
0.16190477
0.15775336
0.15262516
0.14383395
0.13748474
0.13504274
0.13162394
0.12454213
0.118192926
0.11184372
0.10500611
0.09768011
0.09108669
0.08547009
0.081562884
0.07692308
0.06984127
0.061782666
0.05470086
0.048351653
0.043467645
0.03663004
0.029304031
0.022466423
0.017338218
0.014407815
0.008791209
0.001953602
2.4420026E-4
2.4420026E-4
2.4420026E-4
2.4420026E-4
2.4420026E-4
2.4420026E-4
2.4420026E-4
0.0
0.0
2.4420026E-4
2.4420026E-4
0.0
0.0
2.4420026E-4
2.4420026E-4
2.4420026E-4
2.4420026E-4
0.0
2.4420026E-4
2.4420026E-4
2.4420026E-4
0.0
2.4420026E-4
2.4420026E-4
2.4420026E-4
0.53431016
0.5528694
0.5677656
0.5807082
0.5921856
0.6021978
0.60976803
0.61367524
0.61367524
0.6056166
0.5934066
0.5802198
0.5619048
0.53797317
0.50989014
0.4781441
0.44371188
0.40561664
0.36239317
0.31672773
0.27130648
0.22661784
0.18095239
0.13333334
0.08693529
0.042735044
0.0058608064
4.884005E-4
4.884005E-4
2.4420026E-4
2.4420026E-4
2.4420026E-4
2.4420026E-4
2.4420026E-4
2.4420026E-4
2.4420026E-4
2.4420026E-4
0.0
2.4420026E-4
2.4420026E-4
0.0
0.0
2.4420026E-4
2.4420026E-4
0.0
0.0
2.4420026E-4
0.0
0.00976801
0.049328454
0.092063494
0.12551893
0.15360196
0.18363859
0.21807083
0.25152627
0.2827839
0.31282052
0.34358975
0.37826622
0.41391945
0.44615388
0.4742369
0.50231993
0.53260076
0.565812
0.597558
0.62637365
0.6522589
0.6766789
0.7003663
0.72307694
0.74627596
0.76776564
0.78559226
0.8014653
0.8170941
0.8317461
0.8461539
0.86202693
0.87741154
0.89230776
0.9052504
0.9167278
0.9264958
0.9326008
0.9369964
0.9421246
0.948718
0.9543346
0.9587302
0.9616606
0.964591
0.9653236
0.9648352
0.9650794
0.9643468
0.9601954
0.9555556
0.952381
0.9506716
0.9496948
0.9460318
0.9387058
0.9289378
0.9216118
0.9159952
0.9094018
0.90061057
0.89279616
0.88498175
0.87472534
0.86349213
0.8549451
0.8481075
0.8410257
0.8302809
0.8205129
0.8124543
0.8031747
0.79169726
0.77826625
0.76410264
0.7509158
0.73894995
0.72747254
0.71550673
0.7030525
0.40390724
0.40097684
0.39853483
0.39584863
0.39316243
0.39023203
0.38779002
0.38485962
0.38241762
0.37997562
0.3770452
0.37484738
0.37240538
0.36996338
0.36776558
0.36556777
0.36336997
0.36141637
0.35970697
0.35848597
0.35702077
0.35555556
0.35457876
0.35384616
0.35311356
0.35311356
0.35262516
0.35262516
0.35286936
0.35335776
0.35360196
0.35409036
0.35457876
0.35506716
0.35579976
0.35677657
0.35750917
0.35824177
0.35897437
0.35995117
0.36043957
0.36141637
0.36239317
0.36312577
0.36385837
0.36483517
0.36556777
0.36630037
0.36727718
0.36776558
0.36874238
0.36923078
0.36996338
0.37094018
0.37167278
0.37216118
0.37313798
0.37362638
0.37411478
0.3750916
0.37558
0.3763126
0.3770452
0.3775336
0.37802202
0.37851042
0.37899882
0.37948722
0.38046402
0.38095242
0.38144082
0.38168502
0.38192922
0.38290602
0.38339442
0.38388282
0.38437122
0.38534802
0.38559222
0.38608062
0.38656902
0.38730162
0.38754582
0.38827842
0.38901103
0.38974363
0.39023203
0.39096463
0.39145303
0.39194143
0.39267403
0.39340663
0.39413923
0.39462763
0.39511603
0.39609283
0.39658123
0.39755803
0.39829063
0.39853483
0.39951164
0.40000004
0.40073264
0.40146524
0.40195364
0.40293044
0.40341884
0.40439564
0.40488404
0.40561664
0.40586084
0.40683764
0.40757024
0.40830284
0.40879124
0.40952384
0.41025645
0.41074485
0.41172165
0.41245425
0.41269845
0.41318685
0.41416365
0.41465205
0.41538465
0.41562885
0.41636145
0.41684985
0.4786325
0.4781441
0.4776557
0.4769231
0.4766789
0.4764347
0.4761905
0.4764347
0.4766789
0.4771673
0.4774115
0.4783883
0.4793651
0.4805861
0.4818071
0.4830281
0.48498172
0.48644692
0.48840052
0.49010992
0.49206352
0.49426132
0.49621493
0.49816853
0.50036633
0.50207573
0.50378513
0.50525033
0.50671554
0.50818074
0.50940174
0.51037854
0.51135534
0.51184374
0.51282054
0.51306474
0.51330894
0.51355314
0.51379734
0.51355314
0.51330894
0.51330894
0.51306474
0.51257634
0.51208794
0.51159954
0.51111114
0.51037854
0.50964594
0.50891334
0.50818074
0.50744814
0.50647134
0.50549453
0.50451773
0.50329673
0.50256413
0.50134313
0.50036633
0.49914533
0.49816853
0.49694753
0.49572653
0.49474972
0.49352872
0.49230772
0.49133092
0.48986572
0.48888892
0.48791212
0.48693532
0.48571432
0.48498172
0.4840049
0.4830281
0.4820513
0.4813187
0.4803419
0.4796093
0.4786325
0.4776557
0.4769231
0.4759463
0.4754579
0.4747253
0.4739927
0.4735043
0.4727717
0.4720391
0.4715507
0.4710623
0.4705739
0.4700855
0.4695971
0.4691087
0.4688645
0.4683761
0.4681319
0.4676435
0.4673993
0.4669109
0.4669109
0.4669109
0.4666667
0.4664225
0.4664225
0.4661783
0.4659341
0.4659341
0.4659341
0.4659341
0.4659341
0.4659341
0.4659341
0.4659341
0.4659341
0.4659341
0.4659341
0.4661783
0.4664225
0.4664225
0.4666667
0.4671551
0.4671551
0.4673993
0.4676435
0.4678877
0.4683761
# Frame_Number = 1632
7.326008E-4
4.884005E-4
2.4420026E-4
2.4420026E-4
2.4420026E-4
2.4420026E-4
2.4420026E-4
2.4420026E-4
2.4420026E-4
2.4420026E-4
2.4420026E-4
4.884005E-4
2.4420026E-4
0.0
2.4420026E-4
2.4420026E-4
2.4420026E-4
2.4420026E-4
4.884005E-4
2.4420026E-4
2.4420026E-4
0.117704526
0.5443224
0.9509158
0.99755806
0.99951166
0.99975586
0.99975586
0.99975586
0.99975586
0.99975586
0.99975586
0.99975586
0.99975586
0.99975586
0.99975586
0.98852265
0.74090356
0.30671552
0.01880342
0.0012210013
4.884005E-4
4.884005E-4
2.4420026E-4
2.4420026E-4
2.4420026E-4
2.4420026E-4
2.4420026E-4
2.4420026E-4
2.4420026E-4
2.4420026E-4
2.4420026E-4
2.4420026E-4
2.4420026E-4
4.884005E-4
2.4420026E-4
2.4420026E-4
2.4420026E-4
2.4420026E-4
2.4420026E-4
2.4420026E-4
2.4420026E-4
2.4420026E-4
2.4420026E-4
2.4420026E-4
0.0021978023
0.11037852
0.26642248
0.33846155
0.31892553
0.24664226
0.14847375
0.030280832
0.0014652016
4.884005E-4
2.4420026E-4
2.4420026E-4
2.4420026E-4
2.4420026E-4
2.4420026E-4
2.4420026E-4
2.4420026E-4
2.4420026E-4
2.4420026E-4
2.4420026E-4
2.4420026E-4
2.4420026E-4
4.884005E-4
2.4420026E-4
2.4420026E-4
2.4420026E-4
0.0
2.4420026E-4
0.01953602
0.2754579
0.64737487
0.9360196
0.99682546
0.99951166
0.99975586
0.99975586
0.99975586
0.99975586
1.0
0.99975586
0.9216118
0.6686203
0.3760684
0.12551893
0.006349207
7.326008E-4
2.4420026E-4
2.4420026E-4
2.4420026E-4
2.4420026E-4
0.0
2.4420026E-4
2.4420026E-4
2.4420026E-4
2.4420026E-4
2.4420026E-4
0.0
2.4420026E-4
4.884005E-4
0.17753358
0.579243
0.949939
0.99755806
0.99975586
0.99975586
0.99975586
0.99975586
0.99975586
0.99975586
1.0
0.99975586
0.99975586
0.99975586
0.99975586
0.99975586
0.99975586
0.99487185
0.72844934
0.22002444
0.00976801
9.76801E-4
4.884005E-4
2.4420026E-4
2.4420026E-4
2.4420026E-4
2.4420026E-4
2.4420026E-4
2.4420026E-4
0.0
0.0
0.0
2.4420026E-4
0.030525032
0.38192922
0.89865696
0.99511606
0.99926746
0.99951166
0.99975586
0.99975586
0.99975586
0.99975586
0.99975586
0.99975586
1.0
0.99975586
1.0
0.99975586
1.0
0.99975586
0.99975586
0.99975586
0.99975586
0.99975586
1.0
0.99975586
1.0
0.99340665
0.71452993
0.21391943
0.00952381
9.76801E-4
2.4420026E-4
2.4420026E-4
2.4420026E-4
0.0
0.0
0.0
2.4420026E-4
0.0
0.0
0.043956045
0.31062272
0.6517705
0.9294262
0.99658126
0.99926746
0.99975586
0.99975586
0.99975586
1.0
0.99975586
1.0
1.0
1.0
0.99975586
1.0
0.98949945
0.78168505
0.42930406
0.106715515
0.004884005
7.326008E-4
4.884005E-4
2.4420026E-4
2.4420026E-4
2.4420026E-4
2.4420026E-4
0.0
2.4420026E-4
2.4420026E-4
2.4420026E-4
2.4420026E-4
2.4420026E-4
0.022222223
0.2859585
0.6766789
0.9650794
0.99780226
0.99951166
0.99975586
1.0
1.0
1.0
1.0
1.0
1.0
0.97924304
0.72039074
0.3006105
0.01929182
0.0012210013
4.884005E-4
0.0
2.4420026E-4
2.4420026E-4
2.4420026E-4
2.4420026E-4
2.4420026E-4
2.4420026E-4
2.4420026E-4
0.42100126
0.43028086
0.43956047
0.44786328
0.4559219
0.4637363
0.4700855
0.4757021
0.4798535
0.4827839
0.4840049
0.4837607
0.4813187
0.4774115
0.4715507
0.4639805
0.4547009
0.44420028
0.43272287
0.42051286
0.40781444
0.39536023
0.38339442
0.37216118
0.36263737
0.35457876
0.34798536
0.34310135
0.34041515
0.33968255
0.34065935
0.34383395
0.34871796
0.35506716
0.36312577
0.37264958
0.38315022
0.39511603
0.40732604
0.42051286
0.43394387
0.44737488
0.4605617
0.4730159
0.48449332
0.49523813
0.50427353
0.51159954
0.51721615
0.52087915
0.52258855
0.52185595
0.51941395
0.51526254
0.50891334
0.50158733
0.49255192
0.4832723
0.4732601
0.4630037
0.4532357
0.44371188
0.43516487
0.42783886
0.42173386
0.41709405
0.41391945
0.41294265
0.41294265
0.41465205
0.41782665
0.42246646
0.42759466
0.43394387
0.44078147
0.44786328
0.4551893
0.4622711
0.4688645
0.4747253
0.4798535
0.4835165
0.48644692
0.48717952
0.48669112
0.48473752
0.4810745
0.4757021
0.4693529
0.4615385
0.4525031
0.44273508
0.43272287
0.42295486
0.41343105
0.40488404
0.39706963
0.39096463
0.38656902
0.38388282
0.38315022
0.38437122
0.38705742
0.39169723
0.39780223
0.40512824
0.41343105
0.42197806
0.43052506
0.43907207
0.44713068
0.4542125
0.4605617
0.4656899
0.4693529
0.4713065
0.4715507
0.4703297
0.4673993
0.4625153
0.4561661
0.44859588
0.43956047
0.42930406
0.41831505
0.40634924
0.39438343
0.38290602
0.36727718
0.36825398
0.37045178
0.37411478
0.37924302
0.38583642
0.39389503
0.40341884
0.41391945
0.42588526
0.43858367
0.45201468
0.4656899
0.4796093
0.49255192
0.50451773
0.51575094
0.52527475
0.53284496
0.53846157
0.54163617
0.54163617
0.53943837
0.53455436
0.52698416
0.51770455
0.50598294
0.49352872
0.4793651
0.4649573
0.45006108
0.43492067
0.41978025
0.40512824
0.39169723
0.37899882
0.36776558
0.35799757
0.35018316
0.34432235
0.34041515
0.33919415
0.34017095
0.34310135
0.34871796
0.35604396
0.36556777
0.3770452
0.38998783
0.40341884
0.41807085
0.43272287
0.44737488
0.4612943
0.4742369
0.48571432
0.49548233
0.50402933
0.50989014
0.51379734
0.51526254
0.51477414
0.51208794
0.50744814
0.50134313
0.49377292
0.48571432
0.4769231
0.4676435
0.4588523
0.45030528
0.44224668
0.43467647
0.42857146
0.42417586
0.42148966
0.42002445
0.42051286
0.42271066
0.42686206
0.43199027
0.43882787
0.44688648
0.4556777
0.4654457
0.4749695
0.48449332
0.49377292
0.50256413
0.51013434
0.51599514
0.52063495
0.52307695
0.52380955
0.52234435
0.51892555
0.51355314
0.50622714
0.49743593
0.48742372
0.4771673
0.4669109
0.4573871
0.44859588
0.44078147
0.43443227
0.42979246
0.42759466
0.42759466
0.42979246
0.43418807
0.44078147
0.44908428
0.4595849
0.4713065
0.4840049
0.49816853
0.51257634
0.52771676
0.54261297
0.5577534
0.571917
0.585348
0.5978022
0.60879123
0.61807084
0.62564105
0.63125765
# Frame_Number = 1633
0.99975586
1.0
1.0
1.0
1.0
1.0
1.0
1.0
0.99975586
1.0
1.0
1.0
0.99975586
0.99975586
0.99975586
0.99975586
0.99975586
0.99975586
0.99975586
0.99462765
0.9155068
0.8073261
0.72405374
0.6703297
0.62735045
0.5831502
0.54139197
0.50329673
0.4727717
0.45177048
0.43516487
0.42100126
0.40854704
0.39926744
0.39487183
0.39389503
0.39609283
0.39951164
0.40439564
0.40952384
0.41611725
0.42515266
0.43565327
0.44468868
0.4544567
0.4644689
0.4742369
0.48595852
0.49768013
0.50476193
0.51282054
0.52332115
0.53235656
0.53968257
0.5492064
0.5582418
0.5628816
0.5665446
0.5709402
0.573138
0.5726496
0.573138
0.5736264
0.5738706
0.5750916
0.5746032
0.5724054
0.5697192
0.5667888
0.5601954
0.552381
0.5467644
0.54163617
0.53553116
0.52747256
0.51916975
0.51013434
0.50036633
0.48913312
0.4761905
0.4644689
0.4544567
0.44346768
0.43321127
0.42393166
0.41343105
0.40415144
0.39633703
0.38754582
0.37948722
0.37411478
0.37142858
0.36800978
0.36385837
0.36239317
0.36410257
0.36532357
0.36874238
0.376801
0.38730162
0.39511603
0.40488404
0.41953605
0.43614167
0.4544567
0.4742369
0.49230772
0.51037854
0.53015876
0.5504274
0.5711844
0.5909646
0.61050063
0.63247865
0.6525031
0.6676435
0.6803419
0.6896215
0.6959707
0.7008547
0.7037851
0.7006105
0.6903541
0.6769231
0.6603175
0.63956046
0.61245424
0.578022
0.0
2.4420026E-4
2.4420026E-4
0.0
0.0041514044
0.11550672
0.2925519
0.43638587
0.53064716
0.603663
0.6754579
0.74700856
0.8080587
0.8573871
0.89645916
0.9277168
0.9504274
0.9650794
0.96947503
0.9641026
0.9557998
0.9445666
0.9247864
0.89987797
0.87228334
0.8434677
0.8114775
0.77704525
0.74188036
0.7052503
0.6671551
0.63028085
0.5948718
0.5606838
0.52698416
0.49279612
0.4600733
0.43076926
0.40341884
0.3775336
0.35384616
0.32991454
0.30769232
0.2886447
0.2717949
0.25567767
0.24102566
0.22783884
0.21611723
0.20683762
0.19926742
0.19291821
0.18656899
0.18217339
0.17826618
0.17435898
0.17167278
0.17118438
0.17216118
0.17142858
0.17411478
0.17997558
0.18412699
0.18656899
0.19096461
0.19804642
0.20366302
0.20683762
0.21245423
0.22002444
0.22710624
0.23516485
0.24542126
0.25396827
0.26251528
0.2722833
0.2837607
0.2954823
0.30793652
0.32234433
0.33748475
0.35262516
0.36556777
0.3777778
0.39194143
0.40903544
0.42857146
0.44713068
0.4639805
0.4818071
0.50158733
0.52063495
0.53553116
0.5489622
0.5660562
0.5880342
0.60976803
0.62783885
0.64224666
0.6564103
0.6727717
0.6869353
0.6964591
0.7030525
0.7089133
0.71306473
0.71526253
0.71452993
0.7103785
0.7018315
0.6920635
0.6759463
0.6544567
0.62832725
0.6
0.5704518
0.53772897
0.49963373
0.4586081
0.41562885
0.37118438
0.32576314
0.2798535
0.23199025
0.18315019
0.13431014
0.08888889
0.044932846
0.31282052
0.31452993
0.31672773
0.31941393
0.32185593
0.32478634
0.32771674
0.33064714
0.33382174
0.33724055
0.34090355
0.34383395
0.34700856
0.35018316
0.35335776
0.35628816
0.35946277
0.36214897
0.36483517
0.36727718
0.36971918
0.37167278
0.37362638
0.37558
0.3772894
0.37875462
0.38021982
0.38144082
0.38217342
0.38290602
0.38363862
0.38437122
0.38485962
0.38485962
0.38534802
0.38534802
0.38534802
0.38510382
0.38510382
0.38510382
0.38485962
0.38461542
0.38437122
0.38412702
0.38388282
0.38339442
0.38290602
0.38241762
0.38241762
0.38192922
0.38144082
0.38095242
0.38095242
0.38046402
0.37997562
0.38021982
0.37997562
0.37948722
0.37924302
0.37948722
0.37948722
0.37899882
0.37899882
0.37899882
0.37899882
0.37899882
0.37899882
0.37899882
0.37899882
0.37948722
0.37948722
0.37973142
0.37997562
0.37997562
0.38046402
0.38046402
0.38095242
0.38119662
0.38192922
0.38192922
0.38241762
0.38290602
0.38363862
0.38388282
0.38437122
0.38485962
0.38534802
0.38559222
0.38608062
0.38632482
0.38656902
0.38681322
0.38730162
0.38754582
0.38754582
0.38754582
0.38754582
0.38754582
0.38730162
0.38730162
0.38681322
0.38632482
0.38583642
0.38534802
0.38461542
0.38412702
0.38363862
0.38266182
0.38192922
0.38095242
0.38021982
0.37948722
0.37851042
0.3777778
0.3772894
0.3765568
0.3758242
0.3753358
0.3750916
0.37435898
0.37435898
0.37435898
0.37460318
0.3753358
0.37558
0.3763126
0.3777778
0.37899882
0.51306474
0.50866914
0.50427353
0.49963373
0.49523813
0.49133092
0.48791212
0.48473752
0.4815629
0.4786325
0.4761905
0.4737485
0.4717949
0.4703297
0.4688645
0.4678877
0.4669109
0.4666667
0.4664225
0.4664225
0.4666667
0.4669109
0.4676435
0.4681319
0.4693529
0.4700855
0.4710623
0.4722833
0.4735043
0.4742369
0.4757021
0.4769231
0.4781441
0.4793651
0.4805861
0.4815629
0.4827839
0.4840049
0.48498172
0.48595852
0.48693532
0.48791212
0.48864472
0.48962152
0.49035412
0.49133092
0.49181932
0.49255192
0.49328452
0.49352872
0.49426132
0.49450552
0.49523813
0.49572653
0.49597073
0.49645913
0.49670333
0.49719173
0.49743593
0.49743593
0.49768013
0.49792433
0.49792433
0.49792433
0.49816853
0.49841273
0.49841273
0.49841273
0.49841273
0.49841273
0.49841273
0.49816853
0.49816853
0.49792433
0.49768013
0.49768013
0.49743593
0.49694753
0.49670333
0.49645913
0.49597073
0.49572653
0.49523813
0.49474972
0.49401712
0.49352872
0.49304032
0.49230772
0.49133092
0.49059832
0.49010992
0.48962152
0.48888892
0.48791212
0.48717952
0.48644692
0.48571432
0.48498172
0.48424911
0.4835165
0.4830281
0.4825397
0.4820513
0.4815629
0.4815629
0.4810745
0.4810745
0.4810745
0.4810745
0.4815629
0.4820513
0.4827839
0.4837607
0.48473752
0.48595852
0.48717952
0.48864472
0.49010992
0.49181932
0.49377292
0.49548233
0.49743593
0.49963373
0.50207573
0.50402933
0.50598294
0.50818074
0.51013434
# Frame_Number = 1635
0.26031747
0.26105008
0.26471308
0.27057388
0.2766789
0.2813187
0.2837607
0.2876679
0.2905983
0.2945055
0.3003663
0.30525032
0.31062272
0.31746033
0.32258853
0.32527474
0.32747254
0.33015874
0.33675215
0.34310135
0.34676436
0.35286936
0.36043957
0.36605617
0.36971918
0.37362638
0.37851042
0.38363862
0.38925523
0.39291823
0.39706963
0.40317464
0.41050065
0.41684985
0.42100126
0.42393166
0.42783886
0.43199027
0.43565327
0.43858367
0.44200248
0.44542128
0.45079368
0.4551893
0.4588523
0.4630037
0.4669109
0.4693529
0.4732601
0.4757021
0.4769231
0.4798535
0.48449332
0.48791212
0.49304032
0.49572653
0.49841273
0.50305253
0.50744814
0.50891334
0.50940174
0.51404154
0.51941395
0.52112335
0.52210015
0.52283275
0.52576315
0.52820516
0.52844936
0.53015876
0.53455436
0.53870577
0.54114777
0.54041517
0.54065937
0.54236877
0.5445666
0.545055
0.545055
0.5467644
0.5479854
0.5496948
0.5501832
0.5504274
0.5521368
0.5533578
0.5538462
0.5557998
0.5553114
0.5540904
0.5555556
0.5565324
0.5570208
0.557265
0.558486
0.5594628
0.560928
0.5616606
0.5606838
0.5599512
0.5594628
0.5582418
0.5601954
0.5611722
0.5601954
0.5592186
0.5599512
0.559707
0.5599512
0.560928
0.5604396
0.5616606
0.5614164
0.5606838
0.5616606
0.5628816
0.5623932
0.5616606
0.560928
0.5604396
0.5616606
0.5616606
0.5614164
0.5619048
0.5619048
0.5616606
0.5614164
0.5606838
0.50720394
0.4798535
0.4529915
0.43003666
0.40952384
0.38974363
0.36874238
0.35140416
0.33699635
0.32649574
0.31355312
0.2981685
0.2866911
0.2788767
0.2720391
0.26422468
0.25885227
0.25470087
0.25054947
0.24688646
0.24273506
0.24004886
0.23663005
0.23296705
0.23052505
0.22808304
0.22783884
0.22759464
0.22686204
0.22686204
0.22686204
0.22710624
0.22857144
0.22881564
0.22954825
0.23272285
0.23589745
0.23882785
0.24224666
0.24517706
0.24688646
0.24786326
0.25103787
0.25445667
0.25738707
0.26080588
0.26373628
0.26715508
0.26886448
0.2725275
0.2778999
0.2840049
0.2901099
0.2947497
0.2971917
0.2991453
0.3025641
0.30598292
0.30915752
0.31086692
0.31355312
0.31843713
0.32185593
0.32356533
0.32454214
0.32625154
0.32967034
0.33235654
0.33406594
0.33870575
0.34432235
0.34529915
0.34505495
0.34652016
0.34798536
0.34822956
0.35164836
0.35677657
0.35995117
0.36068377
0.36239317
0.36483517
0.36459097
0.36532357
0.36483517
0.36410257
0.36752138
0.37167278
0.37264958
0.37094018
0.36898658
0.36727718
0.36703297
0.36752138
0.36800978
0.36825398
0.36752138
0.36849818
0.36996338
0.37094018
0.36996338
0.36996338
0.37020758
0.36800978
0.36654457
0.36556777
0.36727718
0.36678877
0.36385837
0.36019537
0.35824177
0.35799757
0.35799757
0.35824177
0.35995117
0.36214897
0.35970697
0.35677657
0.35335776
0.34920636
0.34847376
0.34847376
0.34847376
0.34847376
0.34822956
0.34920636
0.35091576
0.35286936
0.40000004
0.40000004
0.40000004
0.40000004
0.40000004
0.40024424
0.40000004
0.40048844
0.40024424
0.40024424
0.40048844
0.40048844
0.40000004
0.40048844
0.40048844
0.40048844
0.40048844
0.40048844
0.40048844
0.40048844
0.40024424
0.40000004
0.40000004
0.40000004
0.40000004
0.40000004
0.40000004
0.39951164
0.39975584
0.39951164
0.39951164
0.39951164
0.39951164
0.39926744
0.39902323
0.39902323
0.39902323
0.39902323
0.39877903
0.39877903
0.39902323
0.39853483
0.39853483
0.39853483
0.39804643
0.39804643
0.39853483
0.39804643
0.39804643
0.39804643
0.39780223
0.39755803
0.39755803
0.39731383
0.39731383
0.39706963
0.39706963
0.39682543
0.39682543
0.39682543
0.39658123
0.39633703
0.39633703
0.39609283
0.39609283
0.39609283
0.39584863
0.39584863
0.39560443
0.39536023
0.39511603
0.39536023
0.39511603
0.39511603
0.39511603
0.39487183
0.39487183
0.39487183
0.39462763
0.39462763
0.39462763
0.39462763
0.39438343
0.39413923
0.39413923
0.39389503
0.39389503
0.39389503
0.39389503
0.39365083
0.39365083
0.39365083
0.39340663
0.39340663
0.39365083
0.39316243
0.39316243
0.39316243
0.39316243
0.39291823
0.39316243
0.39291823
0.39267403
0.39291823
0.39267403
0.39267403
0.39267403
0.39267403
0.39242983
0.39267403
0.39218563
0.39218563
0.39242983
0.39194143
0.39194143
0.39194143
0.39194143
0.39169723
0.39194143
0.39169723
0.39169723
0.39169723
0.39169723
0.39169723
0.39145303
0.39145303
0.39120883
0.39145303
0.4625153
0.4634921
0.4644689
0.4652015
0.4661783
0.4669109
0.4676435
0.4681319
0.4688645
0.4698413
0.4703297
0.4708181
0.4713065
0.4717949
0.4722833
0.4727717
0.4730159
0.4732601
0.4739927
0.4742369
0.4744811
0.4749695
0.4752137
0.4757021
0.4757021
0.4761905
0.4766789
0.4766789
0.4771673
0.4774115
0.4774115
0.4778999
0.4781441
0.4781441
0.4783883
0.4786325
0.4786325
0.4788767
0.4788767
0.4791209
0.4793651
0.4793651
0.4796093
0.4796093
0.4798535
0.4798535
0.4800977
0.4800977
0.4800977
0.4800977
0.4800977
0.4800977
0.4800977
0.4803419
0.4805861
0.4805861
0.4805861
0.4808303
0.4808303
0.4808303
0.4805861
0.4810745
0.4810745
0.4810745
0.4810745
0.4813187
0.4813187
0.4810745
0.4810745
0.4815629
0.4815629
0.4815629
0.4815629
0.4818071
0.4818071
0.4818071
0.4820513
0.4820513
0.4820513
0.4820513
0.4822955
0.4820513
0.4822955
0.4825397
0.4825397
0.4825397
0.4827839
0.4827839
0.4830281
0.4830281
0.4832723
0.4835165
0.4835165
0.4835165
0.4840049
0.4837607
0.4840049
0.4840049
0.48424911
0.48424911
0.48449332
0.48449332
0.48473752
0.48498172
0.48498172
0.48522592
0.48547012
0.48571432
0.48595852
0.48595852
0.48620272
0.48620272
0.48644692
0.48620272
0.48669112
0.48693532
0.48693532
0.48742372
0.48742372
0.48766792
0.48791212
0.48791212
0.48815632
0.48815632
0.48840052
0.48840052
0.48840052
0.48864472
# Frame_Number = 1636
2.4420026E-4
4.884005E-4
2.4420026E-4
2.4420026E-4
2.4420026E-4
2.4420026E-4
2.4420026E-4
2.4420026E-4
2.4420026E-4
2.4420026E-4
2.4420026E-4
2.4420026E-4
2.4420026E-4
2.4420026E-4
2.4420026E-4
2.4420026E-4
2.4420026E-4
0.0
2.4420026E-4
2.4420026E-4
2.4420026E-4
2.4420026E-4
2.4420026E-4
2.4420026E-4
2.4420026E-4
2.4420026E-4
2.4420026E-4
2.4420026E-4
2.4420026E-4
2.4420026E-4
2.4420026E-4
2.4420026E-4
2.4420026E-4
0.05763126
0.41123325
0.8493285
0.99340665
0.99926746
0.99975586
0.99975586
0.99975586
0.99975586
0.99975586
1.0
1.0
0.99975586
0.99975586
1.0
0.98290604
0.76752144
0.44957268
0.19096461
0.025152627
0.0014652016
4.884005E-4
4.884005E-4
2.4420026E-4
2.4420026E-4
2.4420026E-4
2.4420026E-4
0.006349207
0.16898657
0.4676435
0.77655685
0.98363864
0.99902326
0.99951166
0.99975586
0.99975586
0.99975586
0.99975586
1.0
0.99975586
0.99975586
1.0
1.0
1.0
1.0
1.0
0.99975586
0.99975586
1.0
1.0
1.0
0.9343102
0.6649573
0.38803422
0.21880344
0.13797314
0.10183151
0.095238104
0.12210013
0.19023201
0.2993895
0.44395608
0.61855924
0.8144079
0.98315024
0.99902326
0.99975586
0.99975586
1.0
1.0
0.99975586
0.99975586
1.0
0.99975586
1.0
1.0
0.99975586
1.0
0.99975586
1.0
1.0
0.99975586
0.99975586
0.99975586
1.0
0.99633706
0.8068377
0.4610501
0.16507937
0.0112332115
7.326008E-4
2.4420026E-4
2.4420026E-4
2.4420026E-4
2.4420026E-4
1.0
1.0
1.0
1.0
1.0
0.99975586
0.99975586
1.0
1.0
1.0
1.0
1.0
1.0
1.0
0.99975586
1.0
1.0
1.0
0.99975586
0.98119664
0.8554335
0.6695971
0.4708181
0.26471308
0.044444446
0.0024420025
4.884005E-4
4.884005E-4
2.4420026E-4
2.4420026E-4
2.4420026E-4
2.4420026E-4
2.4420026E-4
2.4420026E-4
4.884005E-4
2.4420026E-4
2.4420026E-4
2.4420026E-4
2.4420026E-4
2.4420026E-4
2.4420026E-4
2.4420026E-4
2.4420026E-4
2.4420026E-4
2.4420026E-4
2.4420026E-4
0.060317464
0.35115996
0.6512821
0.8126985
0.8556777
0.8383395
0.78363866
0.6859585
0.54090357
0.35042736
0.12405373
0.0061050067
4.884005E-4
4.884005E-4
2.4420026E-4
2.4420026E-4
2.4420026E-4
2.4420026E-4
2.4420026E-4
2.4420026E-4
0.0
0.0
0.0
2.4420026E-4
0.0
2.4420026E-4
2.4420026E-4
2.4420026E-4
2.4420026E-4
2.4420026E-4
0.053235658
0.40634924
0.8424909
0.99242985
0.99926746
0.99975586
0.99975586
0.99975586
0.99975586
0.99975586
0.99975586
0.99975586
1.0
0.99975586
0.87667894
0.5492064
0.20537242
0.013186814
9.76801E-4
2.4420026E-4
0.0
2.4420026E-4
2.4420026E-4
2.4420026E-4
2.4420026E-4
2.4420026E-4
2.4420026E-4
2.4420026E-4
2.4420026E-4
0.0
2.4420026E-4
0.006349207
0.23882785
0.6693529
0.97533584
0.99829066
0.99951166
0.99975586
1.0
0.99975586
0.99975586
0.99975586
0.99975586
1.0
1.0
0.99975586
0.99975586
0.99975586
0.99975586
1.0
1.0
0.99975586
0.40634924
0.40757024
0.40903544
0.41050065
0.41172165
0.41343105
0.41538465
0.41733825
0.41953605
0.42246646
0.42539686
0.42857146
0.43199027
0.43589747
0.44004887
0.44444448
0.44908428
0.4532357
0.4578755
0.4622711
0.4659341
0.4691087
0.4713065
0.4725275
0.4722833
0.4703297
0.4669109
0.4612943
0.4542125
0.44590968
0.43589747
0.42490846
0.41318685
0.40146524
0.38998783
0.37924302
0.36971918
0.36141637
0.35482296
0.35018316
0.34725276
0.34627596
0.34749696
0.35067156
0.35531136
0.36092797
0.36825398
0.3758242
0.38437122
0.39218563
0.40000004
0.40732604
0.41343105
0.41855925
0.42222226
0.42442006
0.42490846
0.42393166
0.42051286
0.41538465
0.40879124
0.40048844
0.39096463
0.38046402
0.36971918
0.35873017
0.34822956
0.33821735
0.32918194
0.32161173
0.31550673
0.31111112
0.30866912
0.30818072
0.30940172
0.31257632
0.31697193
0.32283273
0.33015874
0.33821735
0.34676436
0.35579976
0.36459097
0.37313798
0.38095242
0.38754582
0.39316243
0.39780223
0.40048844
0.40170944
0.40170944
0.40000004
0.39658123
0.39218563
0.38608062
0.37899882
0.37142858
0.36239317
0.35360196
0.34481075
0.33577535
0.32698414
0.31965813
0.31282052
0.30720392
0.30329672
0.3006105
0.2996337
0.2998779
0.3018315
0.30549452
0.31062272
0.31672773
0.32356533
0.33162394
0.33992675
0.34945056
0.35848597
0.36776558
0.3765568
0.38510382
0.39267403
0.39975584
0.40586084
0.41123325
0.41562885
0.41880345
0.42051286
0.45177048
0.45152628
0.45128208
0.45079368
0.45030528
0.44957268
0.44908428
0.44835168
0.44737488
0.44664228
0.44615388
0.44542128
0.44542128
0.44566548
0.44639808
0.44761908
0.44957268
0.45201468
0.4561661
0.4612943
0.4673993
0.4747253
0.4835165
0.49328452
0.50402933
0.51526254
0.52698416
0.53870577
0.549939
0.5599512
0.5687424
0.57558
0.5802198
0.582906
0.582906
0.5807082
0.5758242
0.5684982
0.559707
0.5494506
0.53821737
0.52649575
0.51477414
0.50402933
0.49377292
0.48473752
0.4778999
0.4727717
0.4695971
0.4681319
0.4691087
0.4720391
0.4766789
0.4830281
0.49133092
0.50061053
0.51086694
0.52161175
0.53284496
0.5435898
0.5540904
0.5631258
0.570696
0.5765568
0.5802198
0.5809524
0.5794872
0.5758242
0.5697192
0.5616606
0.5518926
0.54065937
0.52869356
0.51623935
0.50378513
0.49157512
0.4805861
0.4708181
0.4617827
0.4542125
0.44884008
0.44517708
0.44371188
0.44444448
0.44688648
0.45103788
0.4568987
0.4644689
0.4727717
0.4822955
0.49206352
0.50158733
0.51111114
0.52014655
0.52820516
0.53528696
0.54114777
0.5452992
0.547497
0.5477412
0.5460318
0.54236877
0.53675216
0.52942616
0.52063495
0.51062274
0.49914533
0.48742372
0.4754579
0.4632479
0.45079368
0.43882787
0.42759466
0.41758245
0.40854704
0.40097684
0.39511603
0.39096463
0.38779002
0.38681322
0.38681322
0.38852262
0.39145303
0.39560443
0.40073264
0.40659344
0.41294265
0.41978025
# Frame_Number = 1637
0.34041515
0.33162394
0.32063493
0.30891332
0.2976801
0.2886447
0.2815629
0.2739927
0.26520148
0.25714287
0.25128207
0.24761906
0.24468866
0.24346766
0.24322346
0.24566546
0.25030527
0.25616607
0.26495728
0.2764347
0.2891331
0.30378512
0.31819293
0.33235654
0.34945056
0.36971918
0.39145303
0.41050065
0.42979246
0.44884008
0.4715507
0.49841273
0.52429795
0.5489622
0.5741148
0.598779
0.62295485
0.64493287
0.6652015
0.6859585
0.7069597
0.72454214
0.74090356
0.75604403
0.76678884
0.77704525
0.78803426
0.7987791
0.8087913
0.8146521
0.8178267
0.8219781
0.8271063
0.8290599
0.8285715
0.8256411
0.8207571
0.8158731
0.8126985
0.8095239
0.8039073
0.79706967
0.78852266
0.78144085
0.77387065
0.76532364
0.75653243
0.74481076
0.73186815
0.72087914
0.7123321
0.7018315
0.6905983
0.6791209
0.6676435
0.6549451
0.64200246
0.62930405
0.61758244
0.6046398
0.5929182
0.5821734
0.5697192
0.5528694
0.53772897
0.52649575
0.51623935
0.50525033
0.49181932
0.4776557
0.4637363
0.4527473
0.44371188
0.43321127
0.42051286
0.40854704
0.39877903
0.38754582
0.3750916
0.36336997
0.35335776
0.34334555
0.33308914
0.32161173
0.30793652
0.2971917
0.2910867
0.2822955
0.27032968
0.25665447
0.24273506
0.23247865
0.22393164
0.21391943
0.20317462
0.19218561
0.18241759
0.17216118
0.16117217
0.14822955
0.13431014
0.12234433
0.11404152
0.10793652
0.09914531
0.08791209
0.07814408
0.06959707
1.0
1.0
1.0
0.99975586
1.0
1.0
0.99975586
1.0
1.0
1.0
1.0
1.0
1.0
1.0
1.0
1.0
1.0
0.99536026
0.948718
0.88815635
0.8422467
0.8100123
0.77753365
0.73821735
0.6967033
0.6578755
0.62344325
0.5912088
0.5577534
0.52307695
0.48791212
0.4566545
0.42832726
0.40048844
0.37240538
0.34700856
0.32527474
0.30647132
0.2901099
0.27081808
0.25347987
0.23931625
0.22905985
0.22051284
0.21709403
0.21440783
0.20976803
0.20512822
0.20000002
0.19487181
0.19218561
0.19169721
0.19413921
0.19487181
0.19536021
0.19926742
0.20463982
0.20854703
0.21098903
0.21221003
0.21196583
0.21294263
0.21831504
0.22637364
0.23296705
0.23760685
0.23882785
0.24004886
0.24468866
0.25079367
0.25592187
0.26105008
0.26984128
0.2783883
0.2852259
0.2910867
0.2964591
0.2993895
0.3030525
0.30842492
0.31697193
0.32478634
0.33064714
0.33479854
0.34261295
0.35189256
0.35775337
0.36141637
0.36776558
0.37802202
0.38681322
0.39340663
0.40024424
0.40927964
0.41758245
0.42539686
0.43589747
0.44517708
0.4542125
0.4620269
0.4698413
0.4793651
0.49035412
0.50012213
0.50744814
0.51623935
0.52747256
0.53919417
0.5504274
0.5628816
0.5758242
0.5904762
0.6043956
0.61660564
0.62979245
0.64517707
0.6608059
0.6759463
0.6925519
0.7096459
0.72869354
0.74822956
0.76923084
0.78974366
0.8102565
0.8312577
0.8544567
0.87863255
0.40415144
0.40488404
0.40537244
0.40610504
0.40634924
0.40708184
0.40757024
0.40830284
0.40879124
0.40927964
0.40952384
0.40976804
0.41025645
0.41074485
0.41074485
0.41074485
0.41074485
0.41074485
0.41050065
0.41050065
0.41001225
0.40952384
0.40952384
0.40879124
0.40854704
0.40757024
0.40708184
0.40659344
0.40561664
0.40488404
0.40390724
0.40293044
0.40195364
0.40097684
0.40000004
0.39902323
0.39780223
0.39731383
0.39633703
0.39536023
0.39462763
0.39365083
0.39267403
0.39218563
0.39145303
0.39072043
0.38998783
0.38925523
0.38901103
0.38827842
0.38779002
0.38730162
0.38705742
0.38681322
0.38632482
0.38632482
0.38608062
0.38583642
0.38559222
0.38559222
0.38534802
0.38534802
0.38534802
0.38559222
0.38559222
0.38559222
0.38583642
0.38583642
0.38608062
0.38608062
0.38656902
0.38681322
0.38681322
0.38730162
0.38730162
0.38779002
0.38803422
0.38827842
0.38876683
0.38901103
0.38925523
0.38974363
0.39023203
0.39072043
0.39120883
0.39145303
0.39194143
0.39242983
0.39316243
0.39340663
0.39413923
0.39413923
0.39487183
0.39536023
0.39584863
0.39609283
0.39682543
0.39731383
0.39804643
0.39853483
0.39902323
0.39951164
0.40000004
0.40073264
0.40146524
0.40170944
0.40244204
0.40293044
0.40366304
0.40439564
0.40488404
0.40561664
0.40634924
0.40708184
0.40781444
0.40830284
0.40927964
0.40976804
0.41074485
0.41147745
0.41221005
0.41294265
0.41343105
0.41440785
0.41514045
0.41587305
0.41660565
0.41709405
0.4534799
0.4529915
0.45225888
0.45152628
0.45128208
0.45103788
0.45103788
0.45152628
0.45152628
0.45225888
0.4525031
0.4532357
0.4542125
0.4549451
0.4556777
0.4566545
0.4576313
0.4588523
0.4598291
0.4608059
0.4620269
0.4630037
0.4644689
0.4654457
0.4666667
0.4678877
0.4691087
0.4703297
0.4715507
0.4727717
0.4737485
0.4749695
0.4759463
0.4771673
0.4781441
0.4791209
0.4798535
0.4808303
0.4815629
0.4825397
0.4830281
0.4837607
0.4840049
0.48473752
0.48498172
0.48571432
0.48595852
0.48644692
0.48693532
0.48717952
0.48742372
0.48791212
0.48815632
0.48840052
0.48840052
0.48840052
0.48864472
0.48888892
0.48913312
0.48937732
0.48937732
0.48937732
0.48962152
0.48962152
0.48986572
0.48986572
0.49010992
0.49010992
0.49010992
0.49035412
0.49010992
0.49010992
0.48986572
0.49010992
0.48986572
0.49035412
0.49010992
0.49010992
0.49010992
0.49010992
0.48986572
0.48986572
0.48986572
0.48962152
0.48962152
0.48962152
0.48937732
0.48913312
0.48913312
0.48888892
0.48888892
0.48840052
0.48840052
0.48815632
0.48766792
0.48742372
0.48693532
0.48693532
0.48693532
0.48620272
0.48595852
0.48571432
0.48547012
0.48498172
0.48449332
0.4840049
0.4837607
0.4830281
0.4825397
0.4820513
0.4815629
0.4808303
0.4803419
0.4796093
0.4788767
0.4781441
0.4774115
0.4766789
0.4757021
0.4747253
0.4737485
0.4727717
0.4715507
0.4705739
0.4693529
0.4678877
0.4669109
0.4654457
# Frame_Number = 1638
1.0
0.99975586
1.0
0.99975586
0.99829066
0.96898663
0.952381
0.97094023
0.99755806
0.99975586
0.99975586
0.96849823
0.8610501
0.6937729
0.48742372
0.26520148
0.048107453
0.0024420025
4.884005E-4
2.4420026E-4
2.4420026E-4
2.4420026E-4
2.4420026E-4
0.05689866
0.35311356
0.75824183
0.98705745
0.99902326
0.99975586
0.99975586
0.99975586
0.99975586
1.0
0.99975586
0.99975586
1.0
0.99975586
1.0
0.9452992
0.40976804
0.01880342
0.0012210013
4.884005E-4
2.4420026E-4
2.4420026E-4
2.4420026E-4
2.4420026E-4
2.4420026E-4
2.4420026E-4
2.4420026E-4
2.4420026E-4
0.0
2.4420026E-4
2.4420026E-4
2.4420026E-4
0.03858364
0.15579976
0.1880342
0.08888889
0.0041514044
2.4420026E-4
2.4420026E-4
2.4420026E-4
2.4420026E-4
2.4420026E-4
2.4420026E-4
2.4420026E-4
2.4420026E-4
2.4420026E-4
2.4420026E-4
0.052503057
0.36166057
0.75970703
0.98559225
0.99902326
0.99975586
0.99975586
0.99975586
0.99975586
0.99975586
0.99975586
1.0
1.0
1.0
1.0
0.89768016
0.61147743
0.33601955
0.15702076
0.053724058
0.003907204
4.884005E-4
2.4420026E-4
0.01001221
0.08424909
0.19829062
0.31990233
0.43492067
0.54212457
0.64126986
0.72429794
0.78974366
0.8371185
0.86666673
0.88156295
0.88717955
0.88571435
0.87887675
0.87350434
0.87448114
0.88449335
0.89865696
0.9184372
0.9455434
0.98315024
0.99902326
1.0
1.0
1.0
1.0
0.99975586
1.0
0.99975586
1.0
1.0
1.0
1.0
1.0
0.0
2.4420026E-4
0.0
2.4420026E-4
2.4420026E-4
0.0
2.4420026E-4
2.4420026E-4
2.4420026E-4
0.0
2.4420026E-4
0.0
2.4420026E-4
2.4420026E-4
2.4420026E-4
0.0
0.0
0.0
2.4420026E-4
0.0
0.0
0.12210013
0.53333336
0.9313798
0.99658126
0.99951166
0.99975586
1.0
1.0
0.89474976
0.49645913
0.048107453
0.0024420025
4.884005E-4
2.4420026E-4
2.4420026E-4
2.4420026E-4
2.4420026E-4
0.0
2.4420026E-4
0.0
2.4420026E-4
2.4420026E-4
2.4420026E-4
0.0
2.4420026E-4
0.0
0.024175826
0.44346768
0.9492064
0.99731386
0.99975586
0.99975586
1.0
1.0
1.0
0.97167283
0.74017096
0.44981688
0.2739927
0.24126986
0.31184372
0.45079368
0.64444447
0.88058615
0.99438345
0.99951166
0.99975586
1.0
0.99975586
0.99975586
1.0
0.99975586
1.0
1.0
1.0
1.0
1.0
0.97216123
0.6568987
0.19804642
0.00927961
7.326008E-4
4.884005E-4
2.4420026E-4
2.4420026E-4
2.4420026E-4
4.884005E-4
2.4420026E-4
2.4420026E-4
2.4420026E-4
0.12307693
0.40683764
0.6752137
0.8583639
0.97460324
0.99853486
0.99975586
1.0
1.0
1.0
1.0
0.98266184
0.90036637
0.8092797
0.74285716
0.7010989
0.6715507
0.64908427
0.63614166
0.63223445
0.63369966
0.63833946
0.64346766
0.64664227
0.64444447
0.63174605
0.6058608
0.5692308
0.52210015
0.4571429
0.37460318
0.2805861
0.17460318
0.05616606
0.0029304032
4.884005E-4
4.884005E-4
0.36361417
0.36752138
0.36996338
0.37142858
0.37167278
0.37094018
0.36996338
0.36849818
0.36727718
0.36678877
0.36825398
0.37118438
0.3758242
0.38290602
0.39072043
0.39902323
0.40659344
0.41245425
0.41660565
0.41758245
0.41611725
0.41147745
0.40390724
0.39413923
0.38241762
0.36971918
0.35579976
0.34163615
0.32869354
0.31697193
0.30818072
0.30329672
0.3028083
0.30744812
0.31697193
0.33064714
0.34774116
0.36776558
0.38852262
0.40879124
0.42783886
0.44444448
0.4576313
0.4673993
0.4730159
0.4747253
0.4725275
0.4669109
0.4583639
0.44810748
0.43760687
0.42637366
0.41709405
0.40927964
0.40439564
0.40219784
0.40293044
0.40659344
0.41172165
0.41831505
0.42515266
0.43125767
0.43589747
0.43882787
0.43980467
0.43858367
0.43467647
0.42930406
0.42148966
0.41221005
0.40195364
0.39120883
0.38046402
0.37020758
0.36141637
0.35433456
0.34896216
0.34627596
0.34578755
0.34725276
0.35091576
0.35653237
0.36336997
0.37069598
0.37851042
0.38681322
0.39389503
0.40024424
0.40537244
0.40927964
0.41147745
0.41221005
0.41147745
0.40903544
0.40586084
0.40219784
0.39853483
0.39462763
0.39072043
0.38730162
0.38437122
0.38217342
0.38046402
0.37948722
0.37851042
0.37802202
0.37802202
0.3777778
0.3775336
0.376801
0.3760684
0.3750916
0.37362638
0.37216118
0.36971918
0.36727718
0.36483517
0.36190477
0.35873017
0.35555556
0.35262516
0.35018316
0.34749696
0.34529915
0.34383395
0.34285715
0.34212455
0.34236875
0.54212457
0.53748477
0.53284496
0.52869356
0.52551895
0.52307695
0.52234435
0.52258855
0.52503055
0.52844936
0.53260076
0.53650796
0.53943837
0.54041517
0.53797317
0.53284496
0.52454215
0.51379734
0.50158733
0.48888892
0.4766789
0.4659341
0.4573871
0.45128208
0.44810748
0.44884008
0.4537241
0.4620269
0.4752137
0.49181932
0.51184374
0.53382176
0.5565324
0.5782662
0.5968254
0.61172163
0.62075704
0.62442005
0.62173384
0.61343104
0.6002442
0.5831502
0.5628816
0.54163617
0.52014655
0.49963373
0.4813187
0.4661783
0.4551893
0.44786328
0.44444448
0.44542128
0.44981688
0.4566545
0.4652015
0.4737485
0.4810745
0.48644692
0.48864472
0.48791212
0.4840049
0.4776557
0.4695971
0.4598291
0.44932848
0.43907207
0.42930406
0.42124546
0.41538465
0.41172165
0.41074485
0.41294265
0.41782665
0.42539686
0.43467647
0.44590968
0.4581197
0.4705739
0.4827839
0.49377292
0.50280833
0.50989014
0.51477414
0.51721615
0.51746035
0.51526254
0.51135534
0.50573874
0.49865693
0.49084252
0.4830281
0.4757021
0.4691087
0.4634921
0.4590965
0.4561661
0.4547009
0.4542125
0.4547009
0.4561661
0.4578755
0.4603175
0.4625153
0.4642247
0.4656899
0.4669109
0.4678877
0.4681319
0.4683761
0.4683761
0.4678877
0.4676435
0.4673993
0.4673993
0.4676435
0.4683761
0.4693529
0.4708181
0.4732601
0.4761905
0.4796093
0.4835165
0.48815632
0.49304032
0.49841273
0.50378513
0.50891334
0.51428574
# Frame_Number = 1639
0.27130648
0.3008547
0.33015874
0.35653237
0.37997562
0.40170944
0.42197806
0.44053727
0.4586081
0.4757021
0.49181932
0.50915754
0.52478635
0.53675216
0.5457876
0.5565324
0.5665446
0.5760684
0.5851038
0.5931624
0.6014652
0.61098903
0.61855924
0.62393165
0.62954825
0.63663006
0.64273506
0.64615387
0.64786327
0.6505495
0.6539683
0.6568987
0.6590965
0.6617827
0.6637363
0.6669109
0.6691087
0.6683761
0.6676435
0.6695971
0.6730159
0.6739927
0.6747253
0.6747253
0.6737485
0.6715507
0.6713065
0.6747253
0.6769231
0.6744811
0.6715507
0.6722833
0.6727717
0.6722833
0.6703297
0.6683761
0.6669109
0.6673993
0.6661783
0.6654457
0.6661783
0.6664225
0.6676435
0.6676435
0.6656899
0.6630037
0.6605617
0.6578755
0.6586081
0.6593407
0.6576313
0.6559219
0.6561661
0.6556777
0.6554335
0.6556777
0.6573871
0.6578755
0.6566545
0.6534799
0.6515263
0.6507937
0.6500611
0.6500611
0.64884007
0.64786327
0.64737487
0.64835167
0.64908427
0.64810747
0.64884007
0.6500611
0.6510379
0.64908427
0.64420027
0.64297926
0.64468867
0.64542127
0.64615387
0.64737487
0.64615387
0.64395607
0.64493287
0.64713067
0.64004886
0.61514044
0.62148964
0.64273506
0.6549451
0.6556777
0.6517705
0.64884007
0.6493285
0.6510379
0.6520147
0.6512821
0.6520147
0.6534799
0.6527473
0.6532357
0.6554335
0.6573871
0.6576313
0.6581197
0.6586081
0.6583639
0.6581197
0.6564103
0.38388282
0.39560443
0.40610504
0.41440785
0.42051286
0.42393166
0.42588526
0.42735046
0.43223447
0.43736267
0.44151407
0.44542128
0.44542128
0.44322348
0.44468868
0.45030528
0.4559219
0.4583639
0.4568987
0.4551893
0.4556777
0.4568987
0.4542125
0.4549451
0.4600733
0.4634921
0.4620269
0.4605617
0.4576313
0.4568987
0.4598291
0.4622711
0.4617827
0.4627595
0.4632479
0.4625153
0.4622711
0.4644689
0.4661783
0.4669109
0.4664225
0.4654457
0.4678877
0.4713065
0.4715507
0.4708181
0.4725275
0.4720391
0.4678877
0.4661783
0.4681319
0.4717949
0.4732601
0.4739927
0.4744811
0.4757021
0.4781441
0.4805861
0.4796093
0.4757021
0.4722833
0.4735043
0.4749695
0.4742369
0.4742369
0.4742369
0.4732601
0.4725275
0.4717949
0.4717949
0.4725275
0.4742369
0.4757021
0.4752137
0.4742369
0.4735043
0.4742369
0.4778999
0.4793651
0.4798535
0.4810745
0.4808303
0.4810745
0.48449332
0.48742372
0.48864472
0.48644692
0.48620272
0.48815632
0.49035412
0.49108672
0.48888892
0.48913312
0.49108672
0.49230772
0.49304032
0.49426132
0.49621493
0.49841273
0.49621493
0.49377292
0.49572653
0.50036633
0.50378513
0.50476193
0.50818074
0.52014655
0.52014655
0.51257634
0.50647134
0.50647134
0.50866914
0.51159954
0.51184374
0.51159954
0.51062274
0.51013434
0.51208794
0.51428574
0.51697195
0.51892555
0.51868135
0.51672775
0.51843715
0.52136755
0.52405375
0.52747256
0.52918196
0.40537244
0.40463984
0.40366304
0.40293044
0.40244204
0.40170944
0.40097684
0.40048844
0.39975584
0.39926744
0.39853483
0.39755803
0.39755803
0.39706963
0.39658123
0.39609283
0.39584863
0.39536023
0.39487183
0.39462763
0.39389503
0.39365083
0.39340663
0.39316243
0.39267403
0.39218563
0.39169723
0.39169723
0.39145303
0.39120883
0.39072043
0.39072043
0.39023203
0.39023203
0.38974363
0.38949943
0.38925523
0.38925523
0.38901103
0.38876683
0.38852262
0.38827842
0.38827842
0.38779002
0.38779002
0.38779002
0.38730162
0.38730162
0.38730162
0.38730162
0.38681322
0.38681322
0.38632482
0.38632482
0.38632482
0.38608062
0.38583642
0.38583642
0.38583642
0.38534802
0.38534802
0.38534802
0.38485962
0.38510382
0.38485962
0.38485962
0.38485962
0.38437122
0.38437122
0.38437122
0.38412702
0.38388282
0.38388282
0.38388282
0.38363862
0.38339442
0.38315022
0.38290602
0.38315022
0.38290602
0.38290602
0.38290602
0.38241762
0.38266182
0.38241762
0.38217342
0.38217342
0.38192922
0.38192922
0.38168502
0.38144082
0.38119662
0.38119662
0.38119662
0.38119662
0.38095242
0.38095242
0.38046402
0.38046402
0.38021982
0.38021982
0.37997562
0.37997562
0.37948722
0.38119662
0.37997562
0.37948722
0.37924302
0.37899882
0.37851042
0.37875462
0.37851042
0.37826622
0.37802202
0.37802202
0.3777778
0.3775336
0.3775336
0.3772894
0.3770452
0.376801
0.376801
0.3765568
0.3763126
0.3763126
0.3760684
0.3760684
0.3760684
0.49670333
0.49645913
0.49621493
0.49621493
0.49621493
0.49621493
0.49597073
0.49597073
0.49597073
0.49572653
0.49572653
0.49572653
0.49572653
0.49548233
0.49548233
0.49548233
0.49548233
0.49548233
0.49548233
0.49548233
0.49572653
0.49572653
0.49548233
0.49548233
0.49572653
0.49548233
0.49597073
0.49597073
0.49572653
0.49597073
0.49597073
0.49572653
0.49572653
0.49597073
0.49621493
0.49572653
0.49597073
0.49597073
0.49597073
0.49621493
0.49572653
0.49572653
0.49572653
0.49572653
0.49572653
0.49572653
0.49621493
0.49597073
0.49621493
0.49597073
0.49597073
0.49597073
0.49597073
0.49572653
0.49572653
0.49572653
0.49572653
0.49572653
0.49621493
0.49597073
0.49621493
0.49621493
0.49621493
0.49645913
0.49645913
0.49670333
0.49645913
0.49645913
0.49645913
0.49645913
0.49621493
0.49621493
0.49645913
0.49645913
0.49670333
0.49645913
0.49645913
0.49645913
0.49621493
0.49645913
0.49645913
0.49621493
0.49621493
0.49621493
0.49621493
0.49621493
0.49621493
0.49597073
0.49597073
0.49621493
0.49597073
0.49597073
0.49597073
0.49597073
0.49597073
0.49572653
0.49572653
0.49597073
0.49597073
0.49597073
0.49572653
0.49548233
0.49548233
0.49572653
0.49474972
0.49523813
0.49548233
0.49548233
0.49523813
0.49548233
0.49523813
0.49548233
0.49523813
0.49523813
0.49523813
0.49523813
0.49523813
0.49499393
0.49499393
0.49474972
0.49499393
0.49474972
0.49474972
0.49450552
0.49450552
0.49450552
0.49426132
0.49426132
# Frame_Number = 1640
0.016361417
0.11184372
0.23540905
0.34725276
0.44590968
0.54017097
0.63394386
0.72283274
0.8009769
0.86471313
0.9125764
0.9443224
0.9565324
0.9465202
0.9177046
0.87130654
0.8063493
0.72429794
0.62954825
0.51892555
0.39609283
0.26617828
0.13137974
0.013919415
9.76801E-4
2.4420026E-4
2.4420026E-4
2.4420026E-4
2.4420026E-4
2.4420026E-4
2.4420026E-4
2.4420026E-4
2.4420026E-4
2.4420026E-4
2.4420026E-4
2.4420026E-4
2.4420026E-4
2.4420026E-4
2.4420026E-4
2.4420026E-4
2.4420026E-4
0.020757021
0.24932846
0.584127
0.86813194
0.99316245
0.99926746
0.99975586
0.99975586
0.99975586
1.0
0.99975586
0.99975586
1.0
1.0
0.99975586
0.99975586
0.99975586
0.99975586
0.99755806
0.8224665
0.4678877
0.118192926
0.0051282053
4.884005E-4
2.4420026E-4
2.4420026E-4
2.4420026E-4
2.4420026E-4
2.4420026E-4
2.4420026E-4
2.4420026E-4
2.4420026E-4
2.4420026E-4
2.4420026E-4
2.4420026E-4
2.4420026E-4
2.4420026E-4
0.0
2.4420026E-4
2.4420026E-4
2.4420026E-4
0.0
2.4420026E-4
2.4420026E-4
2.4420026E-4
0.018070819
0.2881563
0.6898657
0.97069603
0.99853486
0.99975586
0.99975586
0.99975586
0.99975586
0.99975586
1.0
0.99975586
0.99975586
0.99975586
1.0
0.99975586
0.99975586
0.86446893
0.5538462
0.24395606
0.025885228
0.0014652016
4.884005E-4
4.884005E-4
2.4420026E-4
2.4420026E-4
2.4420026E-4
2.4420026E-4
2.4420026E-4
0.0
2.4420026E-4
2.4420026E-4
2.4420026E-4
0.0
2.4420026E-4
0.0
2.4420026E-4
2.4420026E-4
2.4420026E-4
0.15384616
0.51135534
0.86251533
0.35262516
0.24664226
0.15384616
0.06715507
0.006593407
4.884005E-4
2.4420026E-4
2.4420026E-4
2.4420026E-4
0.015628817
0.093284495
0.20170942
0.31599513
0.43565327
0.560928
0.6866911
0.8129427
0.9369964
0.99658126
0.99975586
0.99975586
0.99975586
1.0
0.99975586
0.99975586
1.0
1.0
0.99975586
0.99975586
0.99975586
0.99975586
0.9323566
0.7001221
0.42661786
0.18021978
0.013675215
9.76801E-4
4.884005E-4
4.884005E-4
2.4420026E-4
2.4420026E-4
0.0
4.884005E-4
4.884005E-4
2.4420026E-4
2.4420026E-4
0.0
2.4420026E-4
2.4420026E-4
2.4420026E-4
2.4420026E-4
2.4420026E-4
2.4420026E-4
0.0
0.058119662
0.39462763
0.8129427
0.99072045
0.99926746
0.99951166
0.99975586
0.99975586
0.99975586
0.99975586
0.99975586
1.0
0.99975586
0.99975586
1.0
1.0
0.99975586
0.99975586
0.99975586
0.98266184
0.6896215
0.20415142
0.009035409
7.326008E-4
2.4420026E-4
2.4420026E-4
2.4420026E-4
2.4420026E-4
2.4420026E-4
2.4420026E-4
2.4420026E-4
0.0
0.0
0.0
2.4420026E-4
2.4420026E-4
2.4420026E-4
2.4420026E-4
2.4420026E-4
0.0
2.4420026E-4
2.4420026E-4
2.4420026E-4
0.0
2.4420026E-4
2.4420026E-4
0.022710623
0.31355312
0.73186815
0.98046404
0.99853486
0.99975586
0.99975586
0.99975586
0.99975586
0.99975586
0.99975586
0.99975586
0.99975586
0.99975586
0.89597076
0.61489624
0.30695972
0.050549455
0.0024420025
4.884005E-4
0.0
2.4420026E-4
2.4420026E-4
0.0
0.0
0.0
2.4420026E-4
2.4420026E-4
0.38998783
0.38705742
0.38363862
0.37997562
0.3763126
0.37264958
0.36923078
0.36630037
0.36336997
0.36117217
0.35921857
0.35824177
0.35775337
0.35848597
0.35946277
0.36117217
0.36361417
0.36678877
0.37069598
0.37484738
0.37948722
0.38485962
0.38998783
0.39560443
0.40146524
0.40732604
0.41245425
0.41758245
0.42222226
0.42612946
0.42930406
0.43125767
0.43247867
0.43223447
0.43076926
0.42832726
0.42466426
0.41953605
0.41367525
0.40683764
0.39926744
0.39096463
0.38192922
0.37338218
0.36459097
0.35653237
0.34920636
0.34261295
0.33724055
0.33284494
0.32991454
0.32820514
0.32820514
0.32942614
0.33211234
0.33601955
0.34114775
0.34822956
0.35604396
0.36483517
0.37435898
0.38485962
0.39511603
0.40586084
0.41709405
0.42759466
0.43785107
0.44761908
0.4564103
0.4639805
0.4708181
0.4761905
0.4800977
0.4825397
0.4830281
0.4822955
0.4798535
0.4757021
0.4703297
0.4634921
0.4554335
0.44639808
0.43614167
0.42564106
0.41465205
0.40390724
0.39316243
0.38315022
0.37362638
0.36483517
0.35750917
0.35115996
0.34578755
0.34188035
0.33943835
0.33846155
0.33870575
0.34090355
0.34407815
0.34871796
0.35457876
0.36141637
0.36898658
0.3772894
0.38632482
0.39487183
0.40390724
0.41245425
0.42051286
0.42783886
0.43418807
0.43956047
0.44395608
0.44688648
0.44835168
0.44884008
0.44835168
0.44615388
0.44297928
0.43858367
0.43272287
0.42637366
0.41880345
0.41001225
0.40097684
0.39120883
0.38144082
0.37118438
0.48620272
0.48986572
0.49304032
0.49523813
0.49645913
0.49719173
0.49670333
0.49523813
0.49328452
0.49059832
0.48717952
0.4830281
0.4783883
0.4737485
0.4688645
0.4639805
0.4590965
0.4547009
0.45030528
0.44615388
0.44297928
0.44053727
0.43907207
0.43833947
0.43882787
0.44029307
0.44297928
0.44664228
0.45103788
0.4573871
0.4639805
0.4715507
0.4798535
0.48888892
0.49792433
0.50720394
0.51672775
0.52527475
0.53333336
0.54065937
0.546276
0.5509158
0.5538462
0.5553114
0.554823
0.552381
0.5479854
0.54212457
0.53479856
0.52625155
0.51697195
0.50622714
0.49523813
0.4840049
0.4732601
0.4627595
0.45225888
0.44200248
0.43272287
0.42466426
0.41807085
0.41294265
0.40952384
0.40781444
0.40757024
0.40927964
0.41318685
0.41855925
0.42588526
0.43443227
0.44493288
0.4564103
0.4688645
0.4818071
0.49523813
0.50915754
0.52307695
0.53699636
0.5501832
0.5626374
0.5738706
0.5833944
0.5919414
0.5982906
0.6026862
0.6051282
0.6058608
0.6043956
0.601221
0.596337
0.5894994
0.5811966
0.5716728
0.5614164
0.5501832
0.53846157
0.52625155
0.51428574
0.50231993
0.49084252
0.4800977
0.4710623
0.4630037
0.4561661
0.45079368
0.44737488
0.44566548
0.44566548
0.44713068
0.45054948
0.4551893
0.4612943
0.4683761
0.4761905
0.48522592
0.49401712
0.50378513
0.51330894
0.52283275
0.53186816
0.54065937
0.548718
0.556044
0.5628816
0.5684982
0.5728938
0.5763126
0.5777778
# Frame_Number = 1641
1.0
1.0
1.0
0.99975586
0.99975586
0.99975586
0.99975586
1.0
0.99975586
0.98461545
0.86837614
0.7054945
0.5501832
0.41172165
0.2757021
0.13479854
0.0134310145
9.76801E-4
2.4420026E-4
2.4420026E-4
2.4420026E-4
2.4420026E-4
2.4420026E-4
2.4420026E-4
2.4420026E-4
2.4420026E-4
0.0
2.4420026E-4
2.4420026E-4
2.4420026E-4
2.4420026E-4
2.4420026E-4
2.4420026E-4
2.4420026E-4
2.4420026E-4
2.4420026E-4
2.4420026E-4
0.0
2.4420026E-4
2.4420026E-4
2.4420026E-4
2.4420026E-4
2.4420026E-4
2.4420026E-4
2.4420026E-4
2.4420026E-4
2.4420026E-4
0.0
2.4420026E-4
2.4420026E-4
2.4420026E-4
2.4420026E-4
2.4420026E-4
2.4420026E-4
2.4420026E-4
2.4420026E-4
2.4420026E-4
0.0
0.0
0.0
2.4420026E-4
0.0
2.4420026E-4
2.4420026E-4
2.4420026E-4
2.4420026E-4
2.4420026E-4
2.4420026E-4
0.0
2.4420026E-4
0.059096463
0.19780222
0.33162394
0.43589747
0.52234435
0.60708183
0.6940171
0.77704525
0.8534799
0.9250306
0.98681325
0.99926746
0.99975586
1.0
1.0
1.0
1.0
1.0
1.0
1.0
1.0
1.0
1.0
1.0
1.0
1.0
1.0
1.0
1.0
0.99975586
1.0
1.0
1.0
1.0
1.0
1.0
1.0
1.0
0.99023205
0.95116
0.9113554
0.88522595
0.86495733
0.8434677
0.8212455
0.7997559
0.77875465
0.75970703
0.74188036
0.72478634
0.7115995
0.7003663
0.6864469
0.6695971
0.6539683
0.64273506
0.63638586
0.62808305
0.41318685
0.49841273
0.601221
0.71672773
0.8429793
0.97069603
0.99853486
0.99975586
0.99975586
0.99975586
0.99975586
0.99975586
0.99975586
1.0
1.0
1.0
1.0
1.0
1.0
1.0
0.99975586
1.0
0.99975586
1.0
1.0
1.0
1.0
1.0
1.0
1.0
1.0
1.0
0.9301588
0.77924305
0.6505495
0.571917
0.52063495
0.4786325
0.44102567
0.41050065
0.38754582
0.37460318
0.37094018
0.37020758
0.37020758
0.36923078
0.36947498
0.36923078
0.36385837
0.35311356
0.33797315
0.31672773
0.2871795
0.24713066
0.19755802
0.13968255
0.07423688
0.00927961
7.326008E-4
2.4420026E-4
2.4420026E-4
2.4420026E-4
2.4420026E-4
2.4420026E-4
0.0
2.4420026E-4
2.4420026E-4
2.4420026E-4
0.0
2.4420026E-4
0.0
2.4420026E-4
2.4420026E-4
2.4420026E-4
2.4420026E-4
2.4420026E-4
2.4420026E-4
2.4420026E-4
2.4420026E-4
2.4420026E-4
2.4420026E-4
0.0
0.0
0.0
2.4420026E-4
2.4420026E-4
2.4420026E-4
0.0
0.0
0.0
0.0
0.0
2.4420026E-4
2.4420026E-4
2.4420026E-4
2.4420026E-4
0.0
0.0
2.4420026E-4
0.0
0.0
2.4420026E-4
2.4420026E-4
2.4420026E-4
0.001953602
0.045421246
0.10207571
0.14285715
0.16825397
0.19194141
0.21807083
0.23980466
0.25787547
0.2725275
0.2827839
0.2891331
0.2967033
0.30427352
0.31111112
0.31575093
0.31794873
0.31746033
0.31623933
0.31599513
0.31623933
0.31575093
0.31257632
0.30598292
0.35189256
0.35018316
0.34920636
0.34871796
0.34920636
0.34993896
0.35189256
0.35433456
0.35726497
0.36092797
0.36483517
0.36971918
0.37460318
0.38046402
0.38583642
0.39145303
0.39706963
0.40268624
0.40781444
0.41269845
0.41733825
0.42148966
0.42539686
0.42832726
0.43076926
0.43247867
0.43369967
0.43467647
0.43492067
0.43467647
0.43443227
0.43345547
0.43272287
0.43125767
0.43003666
0.42857146
0.42759466
0.42661786
0.42564106
0.42466426
0.42417586
0.42393166
0.42393166
0.42442006
0.42466426
0.42539686
0.42612946
0.42735046
0.42857146
0.42979246
0.43125767
0.43247867
0.43394387
0.43516487
0.43614167
0.43687427
0.43760687
0.43809527
0.43833947
0.43809527
0.43711847
0.43638587
0.43516487
0.43321127
0.43125767
0.42881566
0.42637366
0.42344326
0.42026865
0.41684985
0.41367525
0.41025645
0.40683764
0.40317464
0.40000004
0.39658123
0.39316243
0.39023203
0.38681322
0.38412702
0.38144082
0.37899882
0.3765568
0.37460318
0.37264958
0.37094018
0.36947498
0.36825398
0.36727718
0.36630037
0.36581197
0.36532357
0.36483517
0.36434677
0.36434677
0.36434677
0.36434677
0.36507937
0.36532357
0.36532357
0.36581197
0.36630037
0.36678877
0.36727718
0.36776558
0.36849818
0.36874238
0.36947498
0.36996338
0.37069598
0.37118438
0.37167278
0.37216118
0.37264958
0.37313798
0.37362638
0.37411478
0.37435898
0.3750916
0.3753358
0.37558
0.37558
0.3760684
0.3765568
0.3770452
0.3770452
0.3772894
0.3775336
0.4730159
0.4691087
0.4642247
0.4593407
0.4537241
0.44810748
0.44200248
0.43614167
0.43028086
0.42490846
0.42026865
0.41538465
0.41123325
0.40805864
0.40537244
0.40390724
0.40293044
0.40268624
0.40341884
0.40537244
0.40757024
0.41025645
0.41391945
0.41758245
0.42173386
0.42612946
0.43076926
0.43516487
0.43956047
0.44371188
0.44761908
0.45128208
0.4544567
0.4568987
0.4593407
0.4612943
0.4630037
0.4642247
0.4652015
0.4659341
0.4661783
0.4664225
0.4664225
0.4669109
0.4669109
0.4671551
0.4673993
0.4678877
0.4683761
0.4693529
0.4705739
0.4720391
0.4739927
0.4764347
0.4791209
0.4820513
0.48547012
0.48913312
0.49279612
0.49670333
0.50109893
0.50525033
0.50940174
0.51379734
0.51819295
0.52210015
0.52576315
0.52942616
0.53260076
0.53553116
0.53821737
0.54041517
0.54212457
0.5435898
0.5448108
0.5455434
0.5460318
0.5457876
0.5452992
0.5448108
0.5440782
0.54261297
0.54114777
0.53968257
0.53797317
0.53626376
0.53431016
0.53260076
0.53040296
0.52844936
0.52625155
0.52454215
0.52258855
0.52063495
0.51868135
0.51697195
0.51501834
0.51330894
0.51184374
0.51037854
0.50891334
0.50793654
0.50647134
0.50525033
0.50451773
0.50354093
0.50305253
0.50231993
0.50134313
0.50109893
0.50036633
0.50012213
0.49963373
0.49963373
0.49938953
0.49938953
0.49938953
0.49938953
0.49938953
0.49963373
0.50012213
0.50012213
0.50036633
0.50036633
0.50085473
0.50109893
0.50183153
0.50207573
# Frame_Number = 1642
0.99975586
1.0
0.99975586
0.9570208
0.62735045
0.33968255
0.39291823
0.77142864
0.99047625
0.99926746
0.99975586
0.99975586
0.99975586
0.99975586
0.99975586
1.0
1.0
0.99975586
0.99975586
1.0
0.99975586
1.0
1.0
0.99975586
1.0
1.0
1.0
0.99975586
0.99658126
0.99975586
1.0
0.99975586
0.99975586
1.0
0.99975586
1.0
1.0
1.0
1.0
1.0
1.0
0.98705745
0.4598291
0.02002442
0.0012210013
4.884005E-4
2.4420026E-4
2.4420026E-4
2.4420026E-4
2.4420026E-4
2.4420026E-4
2.4420026E-4
2.4420026E-4
2.4420026E-4
2.4420026E-4
0.116971925
0.6820513
0.98583645
0.99926746
0.99975586
0.99975586
0.99975586
0.99975586
0.99975586
1.0
1.0
0.98070824
0.6954823
0.25592187
0.013919415
9.76801E-4
2.4420026E-4
0.0
2.4420026E-4
2.4420026E-4
2.4420026E-4
2.4420026E-4
2.4420026E-4
2.4420026E-4
2.4420026E-4
2.4420026E-4
2.4420026E-4
2.4420026E-4
2.4420026E-4
2.4420026E-4
0.048840053
0.13821734
0.19291821
0.20122102
0.18119659
0.14749695
0.10061051
0.042979244
0.0024420025
2.4420026E-4
2.4420026E-4
2.4420026E-4
2.4420026E-4
2.4420026E-4
2.4420026E-4
2.4420026E-4
2.4420026E-4
0.0
2.4420026E-4
2.4420026E-4
2.4420026E-4
0.0
2.4420026E-4
2.4420026E-4
2.4420026E-4
2.4420026E-4
2.4420026E-4
2.4420026E-4
2.4420026E-4
2.4420026E-4
2.4420026E-4
2.4420026E-4
2.4420026E-4
2.4420026E-4
2.4420026E-4
2.4420026E-4
2.4420026E-4
2.4420026E-4
0.0
2.4420026E-4
2.4420026E-4
2.4420026E-4
2.4420026E-4
1.0
1.0
1.0
0.99975586
1.0
1.0
1.0
1.0
0.99975586
1.0
1.0
1.0
0.99975586
1.0
1.0
1.0
0.97045183
0.20805863
0.008791209
9.76801E-4
4.884005E-4
2.4420026E-4
0.0
2.4420026E-4
2.4420026E-4
2.4420026E-4
2.4420026E-4
2.4420026E-4
0.0
2.4420026E-4
2.4420026E-4
0.0
0.0
2.4420026E-4
0.0
0.0
2.4420026E-4
2.4420026E-4
0.0
2.4420026E-4
2.4420026E-4
2.4420026E-4
2.4420026E-4
2.4420026E-4
0.0
2.4420026E-4
2.4420026E-4
0.0
0.0
7.326008E-4
0.42832726
0.9660562
0.99804646
0.99975586
0.99975586
1.0
0.99975586
0.99975586
1.0
0.99658126
0.6808303
0.08742369
0.003907204
4.884005E-4
4.884005E-4
0.0
2.4420026E-4
2.4420026E-4
0.0
0.0
0.0
0.0
0.0
0.0
0.0
0.0
2.4420026E-4
0.0
0.029792432
0.1887668
0.33846155
0.39877903
0.38779002
0.34725276
0.2981685
0.24126986
0.16703297
0.07814408
0.006349207
4.884005E-4
2.4420026E-4
2.4420026E-4
0.0
0.0
2.4420026E-4
2.4420026E-4
2.4420026E-4
0.0
2.4420026E-4
0.0
2.4420026E-4
2.4420026E-4
2.4420026E-4
0.0031746035
0.0937729
0.24395606
0.38144082
0.49035412
0.5904762
0.6935287
0.79658127
0.89230776
0.97802204
0.99877906
0.99975586
1.0
1.0
0.99975586
1.0
1.0
1.0
0.99975586
0.99975586
1.0
0.99975586
1.0
1.0
1.0
0.34041515
0.35848597
0.3750916
0.38681322
0.39194143
0.38925523
0.37899882
0.36117217
0.33797315
0.31013432
0.2805861
0.25054947
0.22271064
0.19877902
0.18095239
0.17094018
0.16923077
0.17582418
0.19072041
0.21221003
0.23833945
0.26666668
0.2947497
0.31990233
0.34041515
0.35457876
0.36141637
0.36117217
0.35409036
0.34285715
0.32844934
0.31355312
0.2991453
0.2871795
0.2796093
0.2766789
0.2796093
0.2886447
0.30378512
0.32405373
0.34871796
0.3760684
0.40390724
0.42979246
0.45225888
0.4693529
0.4800977
0.4837607
0.4810745
0.4722833
0.4586081
0.44249088
0.42344326
0.40390724
0.38461542
0.36678877
0.35091576
0.33821735
0.32918194
0.32332113
0.32087913
0.32185593
0.32625154
0.33333334
0.34261295
0.35360196
0.36556777
0.3770452
0.38803422
0.39780223
0.40586084
0.41245425
0.41709405
0.41953605
0.42051286
0.42002445
0.41831505
0.41562885
0.41269845
0.40927964
0.40537244
0.40244204
0.39902323
0.39658123
0.39438343
0.39291823
0.39169723
0.39169723
0.39194143
0.39316243
0.39511603
0.39731383
0.40024424
0.40366304
0.40732604
0.41123325
0.41514045
0.41904765
0.42319906
0.42710626
0.43076926
0.43394387
0.43711847
0.43956047
0.44200248
0.44395608
0.44566548
0.44688648
0.44786328
0.44859588
0.44859588
0.44884008
0.44835168
0.44810748
0.44737488
0.44664228
0.44542128
0.44444448
0.44322348
0.44175828
0.44004887
0.43858367
0.43711847
0.43565327
0.43394387
0.43199027
0.43052506
0.42881566
0.4559219
0.45030528
0.43614167
0.41611725
0.39194143
0.36776558
0.34627596
0.33040294
0.32161173
0.32161173
0.33113554
0.35018316
0.3772894
0.41221005
0.45177048
0.49377292
0.53553116
0.5733822
0.604884
0.62808305
0.64126986
0.64468867
0.63785106
0.62319905
0.6021978
0.5782662
0.5538462
0.53260076
0.51623935
0.50695974
0.50500613
0.51062274
0.52283275
0.54065937
0.562149
0.5860806
0.61025643
0.63272285
0.6510379
0.6634921
0.6686203
0.6652015
0.6532357
0.63296705
0.60634923
0.57558
0.54261297
0.51037854
0.4810745
0.4561661
0.43785107
0.42490846
0.41831505
0.41782665
0.42319906
0.43296707
0.44688648
0.4639805
0.4818071
0.50061053
0.51892555
0.53577536
0.5509158
0.56337
0.571917
0.5772894
0.579243
0.5775336
0.5728938
0.5660562
0.557265
0.5482296
0.53870577
0.52942616
0.52087915
0.51379734
0.50793654
0.50354093
0.50085473
0.49890113
0.49865693
0.49938953
0.50109893
0.50329673
0.50622714
0.50964594
0.51330894
0.51721615
0.52063495
0.52405375
0.52698416
0.52991456
0.53186816
0.53284496
0.53357756
0.53333336
0.53284496
0.53137976
0.52942616
0.52673995
0.52405375
0.52087915
0.51721615
0.51355314
0.50964594
0.50598294
0.50183153
0.49768013
0.49377292
0.48986572
0.48620272
0.4825397
0.4793651
0.4761905
0.4732601
0.4705739
0.4681319
0.4659341
0.4637363
0.4620269
0.4600733
0.4586081
0.4571429
0.4559219
0.4547009
0.4537241
0.4527473
0.45201468
