IFRT
### Header must not be changed. Following Enum definitions used for parameters.
## Modulation_Type_Enum_Def = {DOPPLER = 0, FMCW = 1}
## Data_Format_Enum_Def = {DATA_REAL = 0, DATA_COMPLEX = 1, DATA_COMPLEX_INTERLEAVED = 2}
## Chirp_Shape_Enum_Def = {UP_CHIRP = 0, DOWN_CHIRP = 1, UP_DOWN_CHIRP = 2, DOWN_UP_CHIRP = 3}
## ADC_Samples_Normalized = [0 , 1.0]
## ADC_Samples_NonNormalized = [0, 2^ADC_Res_Bits - 1]
# Version = 1.0
# Num_Tx_Antennas = 1
# Num_Rx_Antennas = 2
# Mask_Tx_Antennas = 1
# Mask_Rx_Antennas = 3
# Are_Rx_Antennas_Interleaved = 0
# Modulation_Type_Enum = 0
# Chirp_Shape_Enum = 0
# Lower_RF_Frequency_kHz = 24050000
# Upper_RF_Frequency_kHz = 24250000
# Sampling_Frequency_kHz = 2
# ADC_Resolution_Bits = 12
# Are_ADC_Samples_Normalized = 1
# Data_Format_Enum = 1
# Chirps_per_Frame = 1
# Samples_per_Chirp = 128
# Samples_per_Frame = 512
# Chirp_Time_sec = 0
# Pulse_Repetition_Time_sec = 0
# Frame_Period_sec = 0.149993

# Frame_Number = 887
0.6046398
0.48595852
0.37264958
0.2749695
0.20732602
0.18095239
0.20048842
0.26959708
0.38095242
0.52283275
0.6866911
0.8559219
0.98656905
0.99902326
0.99975586
0.99975586
1.0
0.99975586
1.0
0.92674
0.6984127
0.43418807
0.20781443
0.031990234
0.0017094018
4.884005E-4
2.4420026E-4
4.884005E-4
2.4420026E-4
2.4420026E-4
0.08547009
0.32625154
0.5882784
0.79340667
0.9343102
0.99584866
0.99951166
0.99975586
0.9650794
0.8244201
0.62002444
0.39316243
0.16581197
0.0112332115
9.76801E-4
4.884005E-4
2.4420026E-4
2.4420026E-4
2.4420026E-4
2.4420026E-4
0.05689866
0.40561664
0.88791215
0.99511606
0.99951166
0.99975586
0.99975586
1.0
0.99975586
1.0
1.0
1.0
0.99975586
0.9643468
0.51086694
0.032722834
0.001953602
2.4420026E-4
2.4420026E-4
2.4420026E-4
2.4420026E-4
2.4420026E-4
2.4420026E-4
2.4420026E-4
2.4420026E-4
2.4420026E-4
0.14285715
0.8192919
0.99242985
0.99926746
0.99975586
0.99975586
1.0
0.99975586
0.99975586
0.99975586
0.99975586
0.99975586
0.78998786
0.15750916
0.006349207
7.326008E-4
4.884005E-4
2.4420026E-4
2.4420026E-4
2.4420026E-4
4.884005E-4
2.4420026E-4
2.4420026E-4
0.2903541
0.9150184
0.99633706
0.99975586
1.0
0.99975586
1.0
1.0
1.0
1.0
1.0
0.89792436
0.23760685
0.00927961
7.326008E-4
2.4420026E-4
2.4420026E-4
4.884005E-4
2.4420026E-4
2.4420026E-4
2.4420026E-4
2.4420026E-4
2.4420026E-4
0.09768011
0.72771674
0.98901105
0.99926746
0.99975586
1.0
0.23199025
0.20537242
0.22783884
0.3023199
0.41978025
0.564591
0.71990234
0.87496954
0.98827845
0.99926746
0.99975586
1.0
1.0
0.9653236
0.78388286
0.52796096
0.2776557
0.05616606
0.0026862028
4.884005E-4
2.4420026E-4
2.4420026E-4
2.4420026E-4
2.4420026E-4
2.4420026E-4
0.021733822
0.24493286
0.5809524
0.87692314
0.99365085
0.99951166
0.99975586
1.0
1.0
0.99975586
0.98901105
0.8070819
0.50305253
0.22490844
0.031257633
0.0017094018
2.4420026E-4
2.4420026E-4
0.0
0.04029304
0.26886448
0.61050063
0.9445666
0.99706966
0.99975586
0.99975586
1.0
0.99975586
1.0
1.0
1.0
0.99975586
0.90231997
0.33919415
0.015140416
9.76801E-4
2.4420026E-4
2.4420026E-4
2.4420026E-4
0.0
2.4420026E-4
0.0
0.0
0.0
0.0
0.117216125
0.8056167
0.99120885
0.99951166
0.99975586
1.0
1.0
0.99975586
1.0
0.99975586
1.0
1.0
0.9494506
0.32918194
0.013919415
9.76801E-4
4.884005E-4
2.4420026E-4
2.4420026E-4
2.4420026E-4
2.4420026E-4
2.4420026E-4
2.4420026E-4
2.4420026E-4
0.2771673
0.916972
0.99584866
0.99975586
0.99975586
0.99975586
1.0
1.0
1.0
1.0
1.0
0.6581197
0.047619052
0.0024420025
4.884005E-4
2.4420026E-4
2.4420026E-4
2.4420026E-4
0.0
0.0
2.4420026E-4
2.4420026E-4
0.031257633
0.62466425
0.98339444
0.99877906
0.99975586
0.99975586
1.0
1.0
1.0
1.0
1.0
1.0
0.39194143
0.39584863
0.39975584
0.40293044
0.40439564
0.40488404
0.40317464
0.39951164
0.39511603
0.38949943
0.38315022
0.376801
0.37167278
0.36776558
0.36532357
0.36459097
0.36630037
0.36996338
0.3753358
0.38192922
0.38974363
0.39706963
0.40463984
0.41098905
0.41587305
0.41855925
0.41929185
0.41758245
0.41367525
0.40781444
0.40097684
0.39340663
0.38608062
0.38021982
0.3758242
0.37289378
0.37264958
0.37435898
0.37899882
0.38485962
0.39218563
0.40048844
0.40903544
0.41660565
0.42295486
0.42686206
0.42783886
0.42539686
0.42002445
0.41050065
0.39853483
0.38437122
0.36971918
0.35506716
0.34236875
0.33211234
0.32551894
0.32307693
0.32503054
0.33162394
0.34212455
0.35628816
0.37313798
0.39169723
0.41074485
0.42905986
0.44615388
0.4600733
0.4708181
0.4766789
0.4766789
0.4715507
0.4612943
0.44566548
0.42612946
0.40415144
0.38119662
0.35970697
0.34017095
0.32551894
0.31550673
0.31135532
0.31306472
0.32014653
0.33162394
0.34700856
0.36483517
0.38388282
0.40244204
0.41978025
0.43467647
0.44639808
0.4537241
0.4561661
0.4534799
0.44639808
0.43394387
0.41758245
0.39853483
0.3772894
0.35677657
0.33846155
0.32307693
0.31330892
0.30940172
0.31184372
0.32112333
0.33601955
0.35555556
0.37802202
0.40170944
0.42393166
0.44395608
0.4605617
0.4722833
0.4786325
0.4788767
0.4727717
0.4620269
0.44664228
0.42735046
0.40634924
0.38437122
0.36239317
0.34236875
0.32625154
0.31379732
0.30622712
0.49694753
0.49499393
0.49108672
0.48644692
0.4810745
0.4749695
0.4698413
0.4654457
0.4625153
0.4617827
0.4634921
0.4673993
0.4737485
0.4810745
0.48913312
0.49743593
0.50549453
0.51233214
0.51721615
0.51941395
0.51965815
0.51721615
0.51233214
0.50525033
0.49670333
0.48742372
0.4781441
0.4698413
0.4630037
0.4581197
0.4561661
0.4571429
0.4610501
0.4669109
0.4744811
0.4830281
0.49157512
0.49914533
0.50549453
0.50940174
0.51086694
0.50915754
0.50402933
0.49597073
0.48595852
0.4742369
0.4612943
0.44835168
0.43687427
0.42808306
0.42344326
0.42344326
0.42881566
0.43882787
0.4525031
0.4700855
0.49035412
0.51037854
0.53040296
0.5477412
0.5619048
0.5724054
0.5772894
0.576801
0.570696
0.5589744
0.54261297
0.52185595
0.49841273
0.4732601
0.44859588
0.42564106
0.40537244
0.39072043
0.38192922
0.38046402
0.38632482
0.40000004
0.41929185
0.44273508
0.4683761
0.49474972
0.51916975
0.54017097
0.5562882
0.567033
0.5716728
0.5699634
0.5628816
0.5501832
0.53308916
0.51282054
0.49035412
0.4676435
0.44639808
0.42759466
0.41245425
0.40268624
0.39975584
0.40439564
0.41587305
0.43394387
0.4568987
0.4835165
0.51135534
0.53772897
0.5604396
0.5777778
0.5882784
0.5912088
0.5863248
0.5738706
0.5550672
0.53137976
0.50525033
0.4774115
0.45079368
0.42686206
0.40634924
0.39072043
0.38144082
0.37899882
0.38339442
0.39462763
0.41123325
0.43223447
0.4566545
0.4827839
# Frame_Number = 888
0.043711845
0.0021978023
4.884005E-4
4.884005E-4
4.884005E-4
2.4420026E-4
2.4420026E-4
2.4420026E-4
2.4420026E-4
0.0
2.4420026E-4
2.4420026E-4
2.4420026E-4
2.4420026E-4
0.0
4.884005E-4
2.4420026E-4
2.4420026E-4
2.4420026E-4
2.4420026E-4
2.4420026E-4
2.4420026E-4
2.4420026E-4
2.4420026E-4
2.4420026E-4
2.4420026E-4
2.4420026E-4
2.4420026E-4
2.4420026E-4
2.4420026E-4
0.011477412
0.2727717
0.7045177
0.98021984
0.99877906
0.99975586
1.0
1.0
1.0
1.0
1.0
1.0
1.0
1.0
1.0
1.0
1.0
1.0
0.99975586
1.0
1.0
1.0
1.0
1.0
1.0
1.0
1.0
1.0
1.0
1.0
1.0
1.0
1.0
1.0
1.0
1.0
1.0
1.0
1.0
0.88717955
0.5821734
0.2781441
0.052747257
0.0024420025
2.4420026E-4
4.884005E-4
2.4420026E-4
2.4420026E-4
4.884005E-4
2.4420026E-4
2.4420026E-4
2.4420026E-4
2.4420026E-4
2.4420026E-4
2.4420026E-4
2.4420026E-4
2.4420026E-4
2.4420026E-4
2.4420026E-4
2.4420026E-4
2.4420026E-4
2.4420026E-4
2.4420026E-4
2.4420026E-4
2.4420026E-4
2.4420026E-4
2.4420026E-4
2.4420026E-4
2.4420026E-4
2.4420026E-4
2.4420026E-4
2.4420026E-4
2.4420026E-4
2.4420026E-4
2.4420026E-4
2.4420026E-4
2.4420026E-4
2.4420026E-4
0.006593407
0.15702076
0.39706963
0.604884
0.76043963
0.89279616
0.99120885
0.99951166
1.0
1.0
1.0
1.0
1.0
1.0
1.0
1.0
1.0
1.0
1.0
1.0
0.0
2.4420026E-4
2.4420026E-4
2.4420026E-4
2.4420026E-4
2.4420026E-4
0.0
2.4420026E-4
0.0
0.0
2.4420026E-4
0.0
0.0
0.03736264
0.42808306
0.931624
0.99658126
0.99951166
0.99975586
1.0
0.99975586
0.99975586
1.0
1.0
1.0
1.0
1.0
0.99975586
0.99975586
1.0
1.0
1.0
1.0
1.0
1.0
1.0
1.0
1.0
1.0
1.0
1.0
1.0
1.0
1.0
1.0
1.0
0.99609286
0.77020764
0.33846155
0.026129428
0.0017094018
2.4420026E-4
4.884005E-4
2.4420026E-4
2.4420026E-4
2.4420026E-4
2.4420026E-4
2.4420026E-4
2.4420026E-4
2.4420026E-4
2.4420026E-4
2.4420026E-4
2.4420026E-4
2.4420026E-4
2.4420026E-4
2.4420026E-4
2.4420026E-4
2.4420026E-4
2.4420026E-4
2.4420026E-4
0.0
0.0
2.4420026E-4
2.4420026E-4
2.4420026E-4
2.4420026E-4
2.4420026E-4
0.0
0.0
2.4420026E-4
2.4420026E-4
2.4420026E-4
2.4420026E-4
2.4420026E-4
2.4420026E-4
2.4420026E-4
2.4420026E-4
9.76801E-4
0.15628816
0.4786325
0.77460325
0.97362643
0.99853486
0.99975586
0.99975586
0.99975586
1.0
1.0
1.0
1.0
1.0
1.0
1.0
1.0
1.0
0.99975586
1.0
1.0
1.0
1.0
1.0
1.0
1.0
1.0
1.0
1.0
1.0
1.0
1.0
1.0
1.0
1.0
1.0
1.0
1.0
0.99975586
0.88229555
0.62735045
0.40830284
0.42100126
0.43345547
0.44590968
0.4573871
0.4681319
0.4781441
0.48693532
0.49499393
0.50207573
0.50744814
0.51208794
0.51526254
0.51746035
0.51819295
0.51794875
0.51672775
0.51379734
0.51013434
0.50525033
0.49914533
0.49230772
0.48473752
0.4761905
0.4671551
0.4576313
0.44737488
0.43663007
0.42612946
0.41489625
0.40366304
0.39267403
0.38144082
0.37069598
0.36043957
0.35042736
0.34041515
0.33089134
0.32185593
0.31355312
0.30573872
0.2989011
0.2930403
0.2871795
0.2822955
0.2781441
0.2749695
0.2725275
0.27057388
0.27008548
0.26984128
0.27032968
0.2717949
0.2737485
0.2764347
0.2798535
0.2840049
0.2884005
0.2935287
0.2996337
0.30573872
0.31208792
0.31892553
0.32625154
0.33357754
0.34188035
0.34969476
0.35775337
0.36605617
0.37411478
0.38241762
0.39047623
0.39829063
0.40610504
0.41367525
0.42100126
0.42783886
0.43467647
0.44102567
0.44713068
0.4527473
0.4576313
0.4622711
0.4661783
0.4695971
0.4727717
0.4749695
0.4764347
0.4778999
0.4781441
0.4783883
0.4781441
0.4771673
0.4757021
0.4737485
0.4710623
0.4681319
0.4652015
0.4612943
0.4571429
0.4527473
0.44786328
0.44273508
0.43760687
0.43199027
0.42661786
0.42075706
0.41489625
0.40879124
0.40268624
0.39682543
0.39096463
0.38510382
0.37948722
0.37387058
0.36849818
0.36336997
0.35799757
0.35311356
0.34847376
0.34432235
0.34017095
0.33626375
0.33308914
0.33015874
0.32771674
0.32551894
0.32380953
0.63174605
0.62466425
0.61636144
0.60683763
0.5960928
0.584127
0.571917
0.558486
0.5443224
0.52991456
0.51501834
0.50012213
0.48498172
0.4703297
0.4561661
0.44175828
0.42808306
0.41514045
0.40244204
0.39120883
0.38095242
0.37142858
0.36288157
0.35579976
0.34969476
0.34505495
0.34139195
0.33870575
0.33797315
0.33797315
0.33919415
0.34163615
0.34529915
0.34993896
0.35555556
0.36214897
0.36947498
0.3777778
0.38656902
0.39609283
0.40610504
0.41636145
0.42735046
0.43858367
0.44981688
0.4615385
0.4730159
0.4840049
0.49499393
0.50622714
0.51697195
0.52747256
0.53748477
0.5470086
0.556044
0.564591
0.5724054
0.5797314
0.586569
0.5924298
0.5980464
0.6021978
0.606105
0.60879123
0.61074483
0.61221004
0.61245424
0.61245424
0.61172163
0.61001223
0.60757023
0.6041514
0.6002442
0.5958486
0.5907204
0.5851038
0.5789988
0.5724054
0.5653236
0.5579976
0.5501832
0.54212457
0.53406596
0.52576315
0.51697195
0.50818074
0.49963373
0.49108672
0.4830281
0.4749695
0.4671551
0.4593407
0.45177048
0.44444448
0.43760687
0.43101346
0.42490846
0.41929185
0.41440785
0.41001225
0.40561664
0.40219784
0.39902323
0.39682543
0.39487183
0.39340663
0.39291823
0.39267403
0.39291823
0.39389503
0.39511603
0.39706963
0.39951164
0.40244204
0.40561664
0.40927964
0.41343105
0.41758245
0.42295486
0.42808306
0.43369967
0.43980467
0.44590968
0.45225888
0.4590965
0.4656899
0.4722833
0.4788767
# Frame_Number = 889
1.0
1.0
1.0
1.0
1.0
1.0
1.0
1.0
1.0
1.0
1.0
1.0
1.0
1.0
0.99975586
1.0
1.0
1.0
0.99975586
0.99975586
1.0
1.0
1.0
1.0
0.99975586
1.0
1.0
1.0
1.0
0.9440782
0.73699635
0.51501834
0.34676436
0.21562883
0.08669109
0.0051282053
4.884005E-4
2.4420026E-4
2.4420026E-4
2.4420026E-4
2.4420026E-4
2.4420026E-4
2.4420026E-4
2.4420026E-4
2.4420026E-4
2.4420026E-4
2.4420026E-4
2.4420026E-4
2.4420026E-4
2.4420026E-4
0.0
2.4420026E-4
2.4420026E-4
0.0
2.4420026E-4
2.4420026E-4
2.4420026E-4
0.0
2.4420026E-4
2.4420026E-4
2.4420026E-4
2.4420026E-4
2.4420026E-4
2.4420026E-4
2.4420026E-4
2.4420026E-4
2.4420026E-4
0.0
2.4420026E-4
2.4420026E-4
0.0
2.4420026E-4
2.4420026E-4
2.4420026E-4
2.4420026E-4
2.4420026E-4
2.4420026E-4
2.4420026E-4
2.4420026E-4
2.4420026E-4
2.4420026E-4
2.4420026E-4
0.0
2.4420026E-4
2.4420026E-4
0.0
0.0
2.4420026E-4
2.4420026E-4
2.4420026E-4
2.4420026E-4
0.0
0.0
0.0021978023
0.052747257
0.12478633
0.17997558
0.21782663
0.24932846
0.2805861
0.31062272
0.33992675
0.36727718
0.39169723
0.41221005
0.43125767
0.44957268
0.4649573
0.4778999
0.48962152
0.50061053
0.51013434
0.51794875
0.52503055
0.53211236
0.53577536
0.53675216
0.53626376
0.53504276
0.53553116
0.53455436
0.53162396
0.52942616
0.52747256
0.52356535
0.51794875
0.51428574
0.50915754
0.35311356
0.13284494
0.008791209
7.326008E-4
4.884005E-4
2.4420026E-4
2.4420026E-4
2.4420026E-4
2.4420026E-4
2.4420026E-4
2.4420026E-4
2.4420026E-4
2.4420026E-4
2.4420026E-4
0.0
0.0
2.4420026E-4
2.4420026E-4
2.4420026E-4
2.4420026E-4
2.4420026E-4
2.4420026E-4
0.0
2.4420026E-4
2.4420026E-4
2.4420026E-4
2.4420026E-4
2.4420026E-4
2.4420026E-4
0.0
2.4420026E-4
0.0
0.0
2.4420026E-4
2.4420026E-4
2.4420026E-4
0.0
0.0
0.0
2.4420026E-4
2.4420026E-4
0.0
0.0
2.4420026E-4
2.4420026E-4
0.0
0.0
2.4420026E-4
2.4420026E-4
0.0
2.4420026E-4
2.4420026E-4
0.0
0.0
0.0
0.0
2.4420026E-4
0.014896216
0.15628816
0.34407815
0.49255192
0.6004884
0.6952381
0.79218566
0.88937736
0.97851044
0.99877906
1.0
1.0
1.0
1.0
1.0
1.0
0.99975586
1.0
1.0
1.0
1.0
1.0
1.0
1.0
1.0
1.0
1.0
1.0
1.0
1.0
1.0
1.0
1.0
1.0
1.0
1.0
1.0
1.0
1.0
1.0
1.0
1.0
1.0
0.99975586
1.0
0.99975586
1.0
1.0
1.0
1.0
0.97606844
0.9221002
0.87374854
0.8376069
0.8073261
0.77728945
0.74603176
0.71477413
0.6847375
0.6578755
0.63052505
0.60659343
0.5851038
0.56337
0.54212457
0.52210015
0.50109893
0.4808303
0.4630037
0.44737488
0.43369967
0.2793651
0.2769231
0.2749695
0.2737485
0.2727717
0.2722833
0.2725275
0.2725275
0.2735043
0.2749695
0.2766789
0.2788767
0.2815629
0.2842491
0.2876679
0.2910867
0.2949939
0.2993895
0.30378512
0.30842492
0.31330892
0.31843713
0.32380953
0.32893774
0.33431014
0.33992675
0.34554335
0.35115996
0.35677657
0.36263737
0.36825398
0.37387058
0.37948722
0.38534802
0.39072043
0.39560443
0.40122104
0.40634924
0.41147745
0.41636145
0.42100126
0.42515266
0.42979246
0.43369967
0.43760687
0.44126987
0.44444448
0.44786328
0.45079368
0.4539683
0.4561661
0.4581197
0.4603175
0.4620269
0.4634921
0.4649573
0.4656899
0.4666667
0.4669109
0.4673993
0.4676435
0.4673993
0.4671551
0.4669109
0.4659341
0.4652015
0.4642247
0.4630037
0.4617827
0.4603175
0.4590965
0.4573871
0.4561661
0.4542125
0.4525031
0.45079368
0.44884008
0.44688648
0.44542128
0.44346768
0.44126987
0.43956047
0.43760687
0.43565327
0.43369967
0.43174607
0.43003666
0.42808306
0.42637366
0.42490846
0.42344326
0.42173386
0.42026865
0.41904765
0.41758245
0.41611725
0.41514045
0.41391945
0.41269845
0.41196585
0.41074485
0.41025645
0.40927964
0.40879124
0.40805864
0.40732604
0.40683764
0.40634924
0.40586084
0.40537244
0.40488404
0.40488404
0.40439564
0.40415144
0.40390724
0.40390724
0.40366304
0.40366304
0.40366304
0.40366304
0.40366304
0.40390724
0.40390724
0.40390724
0.40415144
0.40415144
0.40439564
0.40463984
0.4805861
0.48840052
0.49621493
0.50427353
0.51208794
0.51965815
0.52698416
0.53431016
0.54163617
0.548718
0.5553114
0.5616606
0.5677656
0.5736264
0.579243
0.584127
0.5885226
0.5929182
0.5965812
0.6
0.6026862
0.6051282
0.60732603
0.60903543
0.61001223
0.61123323
0.61147743
0.61172163
0.61123323
0.61050063
0.60927963
0.60781443
0.606105
0.6039072
0.6017094
0.598779
0.5956044
0.5921856
0.5887668
0.5848596
0.5807082
0.5765568
0.5724054
0.5680098
0.56337
0.5587302
0.553602
0.5489622
0.543834
0.53894997
0.53382176
0.52918196
0.52429795
0.51941395
0.51452994
0.50964594
0.50500613
0.50061053
0.49621493
0.49181932
0.48766792
0.4835165
0.4798535
0.4761905
0.4727717
0.4693529
0.4659341
0.4630037
0.4600733
0.4573871
0.4549451
0.4527473
0.45079368
0.44884008
0.44737488
0.44590968
0.44444448
0.44346768
0.44249088
0.44175828
0.44078147
0.44029307
0.44004887
0.43980467
0.43956047
0.43980467
0.43980467
0.43980467
0.44029307
0.44053727
0.44078147
0.44151407
0.44224668
0.44297928
0.44395608
0.44468868
0.44566548
0.44664228
0.44737488
0.44835168
0.44932848
0.45006108
0.45128208
0.45225888
0.4532357
0.4544567
0.4551893
0.4561661
0.4573871
0.4581197
0.4590965
0.4600733
0.4610501
0.4617827
0.4625153
0.4634921
0.4642247
0.4649573
0.4659341
0.4664225
0.4671551
0.4681319
0.4688645
0.4693529
0.4700855
0.4705739
0.4713065
0.4720391
# Frame_Number = 890
1.0
1.0
1.0
1.0
1.0
1.0
1.0
1.0
1.0
1.0
1.0
1.0
1.0
1.0
1.0
1.0
1.0
1.0
0.99975586
0.99804646
0.9518926
0.88522595
0.8324787
0.79316247
0.7545788
0.71379733
0.6710623
0.62759465
0.5863248
0.5465202
0.50525033
0.4639805
0.42661786
0.39096463
0.35457876
0.31819293
0.2813187
0.24273506
0.20390722
0.16752137
0.13357754
0.09914531
0.06349207
0.02808303
0.0024420025
4.884005E-4
2.4420026E-4
2.4420026E-4
2.4420026E-4
2.4420026E-4
2.4420026E-4
2.4420026E-4
2.4420026E-4
2.4420026E-4
2.4420026E-4
2.4420026E-4
2.4420026E-4
2.4420026E-4
2.4420026E-4
2.4420026E-4
2.4420026E-4
2.4420026E-4
2.4420026E-4
2.4420026E-4
2.4420026E-4
2.4420026E-4
2.4420026E-4
2.4420026E-4
0.0
2.4420026E-4
4.884005E-4
2.4420026E-4
2.4420026E-4
2.4420026E-4
2.4420026E-4
2.4420026E-4
2.4420026E-4
2.4420026E-4
2.4420026E-4
2.4420026E-4
2.4420026E-4
2.4420026E-4
0.0
2.4420026E-4
2.4420026E-4
4.884005E-4
4.884005E-4
2.4420026E-4
2.4420026E-4
2.4420026E-4
2.4420026E-4
2.4420026E-4
2.4420026E-4
2.4420026E-4
4.884005E-4
2.4420026E-4
2.4420026E-4
2.4420026E-4
0.0
2.4420026E-4
2.4420026E-4
2.4420026E-4
2.4420026E-4
2.4420026E-4
2.4420026E-4
2.4420026E-4
2.4420026E-4
2.4420026E-4
2.4420026E-4
2.4420026E-4
2.4420026E-4
0.003907204
0.081562884
0.19731382
0.2947497
0.37045178
0.44297928
0.51746035
0.5934066
0.6691087
0.74285716
0.8158731
0.88840055
0.9594628
0.99755806
0.99975586
1.0
1.0
0.052014656
0.15946276
0.25372407
0.31746033
0.36874238
0.41953605
0.4659341
0.50891334
0.5465202
0.5797314
0.61196584
0.63736266
0.6576313
0.6749695
0.6896215
0.7010989
0.7084249
0.71330893
0.71916974
0.72210014
0.71990234
0.71428573
0.7079365
0.7025641
0.6986569
0.6932845
0.6847375
0.6713065
0.6571429
0.64322346
0.62661785
0.60952383
0.5931624
0.5787546
0.5660562
0.5518926
0.53675216
0.52112335
0.50818074
0.49719173
0.48717952
0.4747253
0.4610501
0.44957268
0.44053727
0.43321127
0.42979246
0.42905986
0.42686206
0.42222226
0.41953605
0.42148966
0.42808306
0.43369967
0.44053727
0.45152628
0.4625153
0.4732601
0.48620272
0.50280833
0.52136755
0.54236877
0.5655678
0.5909646
0.61611724
0.64102566
0.6688645
0.6986569
0.73089135
0.76532364
0.8019537
0.8390721
0.87667894
0.9177046
0.9592186
0.99487185
0.99975586
1.0
1.0
1.0
1.0
1.0
1.0
1.0
1.0
1.0
1.0
1.0
1.0
1.0
1.0
1.0
1.0
1.0
1.0
1.0
1.0
1.0
1.0
1.0
1.0
1.0
1.0
1.0
1.0
1.0
1.0
1.0
1.0
1.0
1.0
1.0
1.0
1.0
1.0
1.0
1.0
1.0
1.0
1.0
1.0
1.0
0.99975586
1.0
1.0
1.0
1.0
1.0
0.33919415
0.33968255
0.34041515
0.34114775
0.34188035
0.34285715
0.34383395
0.34481075
0.34529915
0.34652016
0.34725276
0.34847376
0.34969476
0.35067156
0.35164836
0.35286936
0.35409036
0.35555556
0.35653237
0.35775337
0.35897437
0.36019537
0.36141637
0.36288157
0.36410257
0.36556777
0.36678877
0.36825398
0.36971918
0.37118438
0.37289378
0.37411478
0.3758242
0.3772894
0.37875462
0.38021982
0.38168502
0.38363862
0.38510382
0.38681322
0.38827842
0.39023203
0.39169723
0.39365083
0.39511603
0.39706963
0.39902323
0.40097684
0.40268624
0.40463984
0.40683764
0.40879124
0.41074485
0.41245425
0.41440785
0.41611725
0.41807085
0.42002445
0.42222226
0.42393166
0.42588526
0.42783886
0.42954826
0.43125767
0.43345547
0.43492067
0.43663007
0.43833947
0.44029307
0.44200248
0.44346768
0.44493288
0.44639808
0.44786328
0.44932848
0.45030528
0.45177048
0.4527473
0.4537241
0.4547009
0.4554335
0.4561661
0.4566545
0.4573871
0.4576313
0.4578755
0.4581197
0.4581197
0.4581197
0.4581197
0.4576313
0.4573871
0.4566545
0.4559219
0.4551893
0.4542125
0.4532357
0.45201468
0.45079368
0.44932848
0.44786328
0.44639808
0.44444448
0.44297928
0.44078147
0.43882787
0.43663007
0.43443227
0.43223447
0.43003666
0.42735046
0.42466426
0.42222226
0.41929185
0.41660565
0.41391945
0.41123325
0.40830284
0.40537244
0.40244204
0.39951164
0.39658123
0.39365083
0.39023203
0.38754582
0.38412702
0.38095242
0.37802202
0.50183153
0.49963373
0.49768013
0.49572653
0.49401712
0.49255192
0.49084252
0.48962152
0.48815632
0.48742372
0.48644692
0.48547012
0.48473752
0.4840049
0.4835165
0.4830281
0.4825397
0.4822955
0.4820513
0.4820513
0.4820513
0.4820513
0.4818071
0.4818071
0.4818071
0.4822955
0.4825397
0.4827839
0.4832723
0.4837607
0.4840049
0.48473752
0.48498172
0.48571432
0.48595852
0.48669112
0.48717952
0.48742372
0.48791212
0.48840052
0.48888892
0.48937732
0.48986572
0.48986572
0.49035412
0.49035412
0.49035412
0.49084252
0.49084252
0.49108672
0.49084252
0.49084252
0.49059832
0.49035412
0.48986572
0.48986572
0.48937732
0.48864472
0.48815632
0.48717952
0.48644692
0.48547012
0.48449332
0.4835165
0.4822955
0.4810745
0.4796093
0.4781441
0.4766789
0.4747253
0.4732601
0.4713065
0.4693529
0.4673993
0.4654457
0.4630037
0.4608059
0.4586081
0.4561661
0.4537241
0.45128208
0.44884008
0.44639808
0.44395608
0.44151407
0.43882787
0.43638587
0.43394387
0.43125767
0.42857146
0.42612946
0.42368746
0.42124546
0.41880345
0.41636145
0.41391945
0.41147745
0.40927964
0.40708184
0.40488404
0.40268624
0.40097684
0.39926744
0.39731383
0.39560443
0.39413923
0.39267403
0.39145303
0.39023203
0.38901103
0.38803422
0.38730162
0.38681322
0.38583642
0.38534802
0.38510382
0.38485962
0.38437122
0.38461542
0.38461542
0.38485962
0.38534802
0.38608062
0.38681322
0.38779002
0.38876683
0.38974363
0.39096463
# Frame_Number = 891
0.72600734
0.72796094
0.73113555
0.73431015
0.73748475
0.74188036
0.74627596
0.74798536
0.74969476
0.7516484
0.7533578
0.75579983
0.75726503
0.75702083
0.7555556
0.7533578
0.752381
0.7526252
0.7516484
0.74871796
0.74554336
0.74212456
0.73894995
0.73455435
0.72942615
0.72503054
0.72234434
0.71868134
0.7120879
0.7072039
0.7047619
0.7015873
0.6989011
0.6935287
0.6844933
0.6798535
0.6810745
0.6805861
0.6783883
0.6747253
0.6708181
0.6681319
0.6647131
0.6615385
0.6617827
0.6632479
0.6617827
0.6590965
0.6578755
0.6583639
0.6588523
0.6573871
0.6529915
0.6517705
0.6539683
0.6542125
0.6527473
0.6512821
0.64884007
0.64615387
0.64517707
0.64420027
0.64224666
0.63907206
0.63589746
0.63516486
0.63394386
0.62954825
0.62759465
0.62564105
0.62222224
0.62026864
0.61733824
0.60879123
0.6019536
0.6002442
0.5992674
0.5956044
0.5912088
0.5860806
0.5802198
0.5738706
0.5667888
0.5631258
0.5616606
0.5592186
0.5550672
0.5494506
0.5445666
0.54236877
0.5433456
0.54212457
0.54017097
0.53699636
0.53553116
0.53577536
0.53406596
0.53186816
0.53162396
0.53186816
0.53162396
0.53235656
0.53528696
0.53601956
0.53528696
0.53626376
0.53797317
0.54065937
0.54261297
0.5467644
0.5528694
0.5567766
0.5562882
0.5553114
0.5567766
0.5594628
0.562149
0.5643468
0.5663004
0.5689866
0.5704518
0.5714286
0.5728938
0.5758242
0.578022
0.5797314
0.5802198
0.5797314
0.17484738
0.18315019
0.18901101
0.19242981
0.19438341
0.19072041
0.18388279
0.17484738
0.16532357
0.15457876
0.14383395
0.13333334
0.12063493
0.107448116
0.094749704
0.081807084
0.06935287
0.05445666
0.03833944
0.024175826
0.01001221
7.326008E-4
2.4420026E-4
0.0
0.0
2.4420026E-4
0.0
0.0
0.0
0.0
2.4420026E-4
2.4420026E-4
2.4420026E-4
2.4420026E-4
2.4420026E-4
0.0
0.0
0.0
0.0
2.4420026E-4
2.4420026E-4
0.0
0.0
2.4420026E-4
2.4420026E-4
0.0
2.4420026E-4
0.001953602
0.023443226
0.049816854
0.072527476
0.092063494
0.11282052
0.13528694
0.15702076
0.17802198
0.20048842
0.22588524
0.24932846
0.27106228
0.2937729
0.31819293
0.34456655
0.37216118
0.39902323
0.42222226
0.44126987
0.4610501
0.4835165
0.50647134
0.52942616
0.552381
0.5728938
0.5919414
0.61050063
0.62832725
0.64493287
0.6610501
0.6754579
0.6866911
0.6996337
0.71355313
0.72600734
0.73724055
0.74652016
0.75604403
0.76312584
0.76654464
0.76996344
0.77655685
0.78437126
0.79120886
0.79365087
0.79438347
0.79584867
0.79536027
0.79706967
0.8014653
0.8053725
0.8065935
0.8051283
0.8063493
0.8073261
0.8051283
0.7997559
0.79511607
0.79365087
0.79267406
0.79194146
0.79169726
0.79072046
0.79047626
0.78998786
0.78998786
0.79047626
0.79120886
0.79072046
0.78827846
0.78681326
0.78730166
0.78779006
0.78779006
0.78681326
0.78681326
0.79023206
0.79584867
0.8014653
0.8053725
0.37899882
0.37851042
0.37826622
0.37802202
0.3775336
0.3772894
0.376801
0.3765568
0.3760684
0.3760684
0.37558
0.3750916
0.3750916
0.37484738
0.37460318
0.37460318
0.37435898
0.37411478
0.37362638
0.37362638
0.37362638
0.37338218
0.37313798
0.37338218
0.37338218
0.37313798
0.37313798
0.37313798
0.37313798
0.37289378
0.37289378
0.37289378
0.37264958
0.37313798
0.37289378
0.37264958
0.37240538
0.37264958
0.37240538
0.37264958
0.37216118
0.37240538
0.37240538
0.37240538
0.37216118
0.37216118
0.37191698
0.37167278
0.37167278
0.37167278
0.37118438
0.37142858
0.37118438
0.37094018
0.37094018
0.37069598
0.37069598
0.37069598
0.37069598
0.37069598
0.37069598
0.37045178
0.37020758
0.37045178
0.37020758
0.37020758
0.37020758
0.37020758
0.36996338
0.37020758
0.37020758
0.36996338
0.37045178
0.37069598
0.37045178
0.37020758
0.37045178
0.37045178
0.37069598
0.37069598
0.37069598
0.37118438
0.37118438
0.37118438
0.37118438
0.37118438
0.37167278
0.37167278
0.37167278
0.37167278
0.37167278
0.37167278
0.37191698
0.37191698
0.37167278
0.37167278
0.37191698
0.37191698
0.37191698
0.37191698
0.37167278
0.37167278
0.37167278
0.37167278
0.37167278
0.37142858
0.37142858
0.37142858
0.37118438
0.37069598
0.37045178
0.37045178
0.37045178
0.37045178
0.37020758
0.37020758
0.36996338
0.36971918
0.36971918
0.36971918
0.36947498
0.36947498
0.36923078
0.36923078
0.36874238
0.36874238
0.36874238
0.36874238
0.48644692
0.48644692
0.48644692
0.48693532
0.48742372
0.48791212
0.48864472
0.48937732
0.49010992
0.49084252
0.49157512
0.49230772
0.49328452
0.49426132
0.49474972
0.49597073
0.49694753
0.49768013
0.49890113
0.50012213
0.50085473
0.50158733
0.50231993
0.50305253
0.50427353
0.50500613
0.50573874
0.50622714
0.50720394
0.50793654
0.50842494
0.50915754
0.50964594
0.51013434
0.51037854
0.51086694
0.51111114
0.51159954
0.51184374
0.51208794
0.51208794
0.51208794
0.51233214
0.51233214
0.51208794
0.51208794
0.51184374
0.51159954
0.51159954
0.51111114
0.51037854
0.51013434
0.50964594
0.50940174
0.50891334
0.50818074
0.50744814
0.50695974
0.50647134
0.50573874
0.50500613
0.50402933
0.50305253
0.50231993
0.50158733
0.50109893
0.50012213
0.49914533
0.49841273
0.49743593
0.49670333
0.49597073
0.49499393
0.49426132
0.49352872
0.49255192
0.49181932
0.49133092
0.49059832
0.48986572
0.48937732
0.48864472
0.48791212
0.48742372
0.48693532
0.48644692
0.48595852
0.48547012
0.48498172
0.48449332
0.48424911
0.4837607
0.4832723
0.4830281
0.4827839
0.4820513
0.4818071
0.4815629
0.4813187
0.4808303
0.4805861
0.4803419
0.4800977
0.4800977
0.4796093
0.4796093
0.4793651
0.4791209
0.4786325
0.4786325
0.4781441
0.4778999
0.4776557
0.4774115
0.4771673
0.4771673
0.4766789
0.4761905
0.4759463
0.4757021
0.4754579
0.4752137
0.4747253
0.4742369
0.4737485
0.4735043
0.4732601
0.4725275
# Frame_Number = 892
1.0
1.0
1.0
1.0
1.0
1.0
1.0
1.0
1.0
1.0
1.0
1.0
0.9489622
0.40170944
0.017826619
0.0012210013
4.884005E-4
2.4420026E-4
2.4420026E-4
4.884005E-4
2.4420026E-4
2.4420026E-4
2.4420026E-4
2.4420026E-4
2.4420026E-4
2.4420026E-4
2.4420026E-4
0.24322346
0.78876686
0.99096465
0.99951166
0.99975586
0.99975586
1.0
1.0
0.99438345
0.73504275
0.19560441
0.007814408
7.326008E-4
4.884005E-4
2.4420026E-4
2.4420026E-4
2.4420026E-4
2.4420026E-4
2.4420026E-4
2.4420026E-4
2.4420026E-4
0.0
2.4420026E-4
4.884005E-4
2.4420026E-4
2.4420026E-4
2.4420026E-4
0.0051282053
0.4547009
0.96971923
0.99853486
0.99975586
1.0
1.0
1.0
0.99975586
1.0
1.0
1.0
1.0
1.0
0.98095244
0.4622711
0.020757021
0.0012210013
4.884005E-4
2.4420026E-4
2.4420026E-4
2.4420026E-4
2.4420026E-4
2.4420026E-4
2.4420026E-4
2.4420026E-4
2.4420026E-4
2.4420026E-4
2.4420026E-4
2.4420026E-4
2.4420026E-4
2.4420026E-4
0.0
0.0
2.4420026E-4
2.4420026E-4
2.4420026E-4
2.4420026E-4
2.4420026E-4
0.051770456
0.3013431
0.52844936
0.6053724
0.5675214
0.4805861
0.37411478
0.25323567
0.12063493
0.010256411
7.326008E-4
0.0
2.4420026E-4
2.4420026E-4
2.4420026E-4
2.4420026E-4
2.4420026E-4
2.4420026E-4
0.06398047
0.33528695
0.6852259
0.96849823
0.99829066
0.99975586
1.0
1.0
1.0
1.0
1.0
1.0
1.0
1.0
1.0
0.99975586
1.0
2.4420026E-4
2.4420026E-4
0.029059831
0.4639805
0.9606838
0.99780226
0.99975586
0.99975586
1.0
1.0
0.99975586
1.0
1.0
1.0
0.99975586
0.99975586
1.0
1.0
1.0
1.0
0.99975586
1.0
1.0
0.99853486
0.6698413
0.07765568
0.003663004
4.884005E-4
4.884005E-4
2.4420026E-4
2.4420026E-4
0.046398047
0.44688648
0.9455434
0.99731386
0.99975586
1.0
0.99975586
1.0
1.0
1.0
1.0
1.0
1.0
1.0
1.0
1.0
1.0
0.86275953
0.13699634
0.0058608064
4.884005E-4
2.4420026E-4
0.0
0.0
2.4420026E-4
0.0
2.4420026E-4
0.0
2.4420026E-4
2.4420026E-4
2.4420026E-4
0.0
0.08791209
0.8210013
0.99194145
0.99926746
0.99975586
0.99975586
0.99975586
0.99975586
0.99975586
1.0
1.0
1.0
1.0
1.0
1.0
1.0
1.0
1.0
0.99902326
0.5885226
0.035653237
0.001953602
4.884005E-4
2.4420026E-4
2.4420026E-4
4.884005E-4
2.4420026E-4
2.4420026E-4
0.0
2.4420026E-4
2.4420026E-4
2.4420026E-4
2.4420026E-4
2.4420026E-4
0.0
0.0
2.4420026E-4
2.4420026E-4
0.0
2.4420026E-4
2.4420026E-4
2.4420026E-4
0.0
0.0
2.4420026E-4
2.4420026E-4
0.0
2.4420026E-4
2.4420026E-4
2.4420026E-4
2.4420026E-4
2.4420026E-4
2.4420026E-4
2.4420026E-4
0.0
0.0
0.0
2.4420026E-4
0.0
2.4420026E-4
0.0
2.4420026E-4
2.4420026E-4
0.0
2.4420026E-4
0.25518927
0.25054947
0.24786326
0.24884006
0.25274727
0.25982907
0.27008548
0.2835165
0.2991453
0.31746033
0.33724055
0.35824177
0.37973142
0.40000004
0.41904765
0.43589747
0.44981688
0.4595849
0.4656899
0.4666667
0.4634921
0.4561661
0.44542128
0.43150187
0.41611725
0.40000004
0.38388282
0.36923078
0.35653237
0.34700856
0.34114775
0.33894995
0.34041515
0.34603176
0.35555556
0.36849818
0.38388282
0.40170944
0.42100126
0.44102567
0.4603175
0.4788767
0.49523813
0.50842494
0.51770455
0.52258855
0.52258855
0.51819295
0.50842494
0.49377292
0.4754579
0.4539683
0.43003666
0.40488404
0.37973142
0.35555556
0.33357754
0.31452993
0.2989011
0.2874237
0.2805861
0.2786325
0.2813187
0.2886447
0.3008547
0.31721613
0.33699635
0.35970697
0.38437122
0.41025645
0.43614167
0.4620269
0.48644692
0.50891334
0.52844936
0.5443224
0.5565324
0.564591
0.5687424
0.5684982
0.564591
0.5570208
0.546276
0.53333336
0.51843715
0.50231993
0.48547012
0.4688645
0.4529915
0.43809527
0.42490846
0.41367525
0.40439564
0.39731383
0.39267403
0.39023203
0.39023203
0.39194143
0.39511603
0.39951164
0.40439564
0.40976804
0.41514045
0.41953605
0.42344326
0.42588526
0.42686206
0.42612946
0.42344326
0.41855925
0.41172165
0.40366304
0.39365083
0.38241762
0.37069598
0.35848597
0.34578755
0.33308914
0.32087913
0.30915752
0.2989011
0.2896215
0.2813187
0.2752137
0.27008548
0.26715508
0.26593408
0.26617828
0.50402933
0.48522592
0.4649573
0.44346768
0.42075706
0.39804643
0.3760684
0.35555556
0.33724055
0.32185593
0.31013432
0.3025641
0.3001221
0.3025641
0.31037852
0.32307693
0.34017095
0.36068377
0.38388282
0.40854704
0.43296707
0.4564103
0.4771673
0.49426132
0.50671554
0.51428574
0.51672775
0.51404154
0.50695974
0.49499393
0.4791209
0.4612943
0.44224668
0.42246646
0.40293044
0.38485962
0.36996338
0.35799757
0.35067156
0.34822956
0.35067156
0.35848597
0.37142858
0.38925523
0.41098905
0.43589747
0.4630037
0.49108672
0.51892555
0.545055
0.568254
0.58779
0.6021978
0.61147743
0.61489624
0.61196584
0.603663
0.589011
0.569475
0.5457876
0.51868135
0.48937732
0.4588523
0.42905986
0.40024424
0.37264958
0.34798536
0.32722834
0.31111112
0.3001221
0.2945055
0.2945055
0.2998779
0.31062272
0.32600734
0.34554335
0.36825398
0.39365083
0.42002445
0.44688648
0.4739927
0.49938953
0.52258855
0.5433456
0.560928
0.57558
0.586569
0.593895
0.5973138
0.5980464
0.5953602
0.5904762
0.5836386
0.57558
0.5667888
0.557265
0.5484738
0.54017097
0.53308916
0.52771676
0.52429795
0.52307695
0.52454215
0.52796096
0.53382176
0.54114777
0.549939
0.5601954
0.5714286
0.5826618
0.593895
0.6043956
0.61367524
0.62173384
0.62759465
0.63150185
0.63321126
0.63272285
0.63028085
0.62564105
0.61929184
0.61074483
0.6007326
0.5894994
0.5772894
0.5638584
0.549939
0.53626376
# Frame_Number = 893
0.40341884
0.37313798
0.34212455
0.30818072
0.2727717
0.23956046
0.20708182
0.17484738
0.14285715
0.10940172
0.07423688
0.04004884
0.00952381
7.326008E-4
2.4420026E-4
2.4420026E-4
2.4420026E-4
4.884005E-4
2.4420026E-4
0.0
2.4420026E-4
2.4420026E-4
2.4420026E-4
2.4420026E-4
2.4420026E-4
2.4420026E-4
2.4420026E-4
0.0
2.4420026E-4
2.4420026E-4
0.0
2.4420026E-4
2.4420026E-4
2.4420026E-4
2.4420026E-4
2.4420026E-4
2.4420026E-4
2.4420026E-4
2.4420026E-4
2.4420026E-4
2.4420026E-4
2.4420026E-4
2.4420026E-4
2.4420026E-4
0.0
2.4420026E-4
2.4420026E-4
2.4420026E-4
2.4420026E-4
2.4420026E-4
2.4420026E-4
0.0
2.4420026E-4
4.884005E-4
0.014896216
0.061782666
0.11208792
0.15360196
0.1880342
0.22148964
0.25934067
0.3018315
0.34578755
0.38974363
0.43174607
0.4732601
0.51623935
0.5601954
0.603663
0.64639807
0.6901099
0.73455435
0.77899885
0.8214897
0.86202693
0.9050062
0.947497
0.98852265
0.99926746
0.99975586
1.0
0.99975586
1.0
1.0
1.0
1.0
1.0
1.0
1.0
1.0
1.0
1.0
1.0
1.0
1.0
1.0
1.0
1.0
1.0
1.0
1.0
1.0
1.0
1.0
0.99975586
0.99975586
1.0
1.0
1.0
1.0
1.0
1.0
1.0
1.0
1.0
1.0
1.0
1.0
1.0
1.0
1.0
1.0
1.0
1.0
1.0
1.0
1.0
1.0
1.0
1.0
1.0
1.0
1.0
1.0
1.0
1.0
1.0
1.0
1.0
1.0
1.0
1.0
1.0
1.0
1.0
1.0
1.0
1.0
1.0
1.0
1.0
1.0
1.0
1.0
1.0
1.0
1.0
1.0
1.0
1.0
0.99975586
1.0
1.0
1.0
1.0
1.0
1.0
1.0
1.0
1.0
0.98534805
0.88864475
0.76678884
0.6652015
0.5846154
0.50573874
0.42051286
0.33528695
0.25152627
0.16898657
0.08791209
0.012210013
9.76801E-4
2.4420026E-4
2.4420026E-4
2.4420026E-4
2.4420026E-4
2.4420026E-4
2.4420026E-4
0.0
2.4420026E-4
2.4420026E-4
2.4420026E-4
2.4420026E-4
2.4420026E-4
2.4420026E-4
0.0
0.0
0.0
0.0
2.4420026E-4
0.0
2.4420026E-4
2.4420026E-4
2.4420026E-4
2.4420026E-4
0.0
0.0
2.4420026E-4
2.4420026E-4
0.0
2.4420026E-4
0.0
0.0
0.0
0.0
0.0
2.4420026E-4
2.4420026E-4
2.4420026E-4
0.0
0.0
0.0
2.4420026E-4
2.4420026E-4
2.4420026E-4
2.4420026E-4
0.0
2.4420026E-4
0.0
0.0
2.4420026E-4
2.4420026E-4
0.0
2.4420026E-4
2.4420026E-4
0.0
2.4420026E-4
0.0
2.4420026E-4
2.4420026E-4
2.4420026E-4
2.4420026E-4
2.4420026E-4
4.884005E-4
0.059584863
0.17240538
0.2764347
0.35775337
0.42808306
0.49890113
0.5724054
0.64908427
0.72722834
0.8036631
0.87643474
0.37924302
0.38046402
0.38192922
0.38363862
0.38485962
0.38632482
0.38779002
0.38925523
0.39096463
0.39267403
0.39413923
0.39584863
0.39731383
0.39926744
0.40097684
0.40244204
0.40390724
0.40537244
0.40708184
0.40830284
0.41001225
0.41098905
0.41221005
0.41318685
0.41416365
0.41514045
0.41611725
0.41684985
0.41733825
0.41807085
0.41855925
0.41904765
0.41953605
0.42002445
0.42051286
0.42051286
0.42100126
0.42100126
0.42124546
0.42148966
0.42148966
0.42148966
0.42100126
0.42100126
0.42100126
0.42075706
0.42026865
0.42002445
0.41953605
0.41929185
0.41855925
0.41782665
0.41709405
0.41660565
0.41587305
0.41489625
0.41367525
0.41269845
0.41172165
0.41050065
0.40927964
0.40781444
0.40634924
0.40488404
0.40341884
0.40170944
0.40024424
0.39853483
0.39706963
0.39511603
0.39340663
0.39145303
0.38949943
0.38779002
0.38559222
0.38388282
0.38168502
0.37973142
0.3777778
0.3758242
0.37362638
0.37167278
0.36971918
0.36752138
0.36532357
0.36336997
0.36141637
0.35897437
0.35702077
0.35482296
0.35262516
0.35018316
0.34822956
0.34627596
0.34432235
0.34212455
0.34017095
0.33797315
0.33601955
0.33406594
0.33235654
0.33040294
0.32844934
0.32673994
0.32478634
0.32307693
0.32161173
0.31965813
0.31819293
0.31672773
0.31550673
0.31404153
0.31306472
0.31208792
0.31062272
0.30989012
0.30915752
0.30793652
0.30744812
0.30695972
0.30647132
0.30598292
0.30573872
0.30525032
0.30525032
0.30525032
0.30525032
0.30549452
0.4532357
0.45177048
0.45030528
0.44884008
0.44737488
0.44590968
0.44444448
0.44322348
0.44175828
0.44029307
0.43907207
0.43785107
0.43614167
0.43492067
0.43369967
0.43272287
0.43150187
0.43076926
0.42954826
0.42881566
0.42832726
0.42783886
0.42735046
0.42735046
0.42735046
0.42783886
0.42808306
0.42857146
0.42930406
0.43003666
0.43125767
0.43247867
0.43418807
0.43565327
0.43760687
0.43956047
0.44175828
0.44420028
0.44664228
0.44957268
0.45201468
0.4547009
0.4576313
0.4605617
0.4634921
0.4666667
0.4698413
0.4730159
0.4761905
0.4796093
0.4830281
0.48644692
0.48962152
0.49304032
0.49645913
0.49987793
0.50329673
0.50647134
0.50989014
0.51282054
0.51575094
0.51868135
0.52161175
0.52429795
0.52698416
0.52893776
0.53137976
0.53357756
0.53577536
0.53748477
0.53919417
0.54065937
0.54236877
0.5435898
0.545055
0.546276
0.5470086
0.5479854
0.5489622
0.5494506
0.5501832
0.5504274
0.5509158
0.55116
0.5514042
0.5514042
0.5514042
0.5514042
0.5516484
0.5514042
0.5514042
0.55116
0.5509158
0.5506716
0.5501832
0.5494506
0.5489622
0.5479854
0.547497
0.5465202
0.5455434
0.5443224
0.54285717
0.54163617
0.54017097
0.53846157
0.53675216
0.53528696
0.53333336
0.53162396
0.52942616
0.52722836
0.52503055
0.52258855
0.52014655
0.51770455
0.51501834
0.51233214
0.50964594
0.50695974
0.50427353
0.50158733
0.49841273
0.49548233
0.49230772
0.48937732
0.48644692
0.4832723
# Frame_Number = 895
1.0
1.0
1.0
1.0
0.99072045
0.957265
0.920635
0.88693535
0.8542125
0.8195361
0.78144085
0.74114776
0.7013431
0.6620269
0.62466425
0.5843712
0.54041517
0.49743593
0.4576313
0.41782665
0.3775336
0.33724055
0.2976801
0.25958487
0.22222224
0.1885226
0.15555556
0.12356533
0.092551894
0.06349207
0.036141638
0.010256411
7.326008E-4
2.4420026E-4
2.4420026E-4
2.4420026E-4
2.4420026E-4
2.4420026E-4
2.4420026E-4
2.4420026E-4
2.4420026E-4
2.4420026E-4
2.4420026E-4
2.4420026E-4
2.4420026E-4
2.4420026E-4
2.4420026E-4
2.4420026E-4
2.4420026E-4
0.0
2.4420026E-4
2.4420026E-4
2.4420026E-4
2.4420026E-4
2.4420026E-4
0.0
2.4420026E-4
0.0
2.4420026E-4
2.4420026E-4
2.4420026E-4
2.4420026E-4
2.4420026E-4
2.4420026E-4
0.0
2.4420026E-4
2.4420026E-4
2.4420026E-4
0.0051282053
0.03931624
0.07765568
0.107448116
0.13089134
0.15506716
0.18290599
0.21294263
0.23907205
0.26324788
0.2881563
0.31379732
0.33894995
0.36630037
0.39194143
0.41562885
0.43711847
0.4586081
0.4803419
0.49938953
0.51623935
0.53308916
0.5509158
0.5655678
0.5772894
0.5870574
0.5948718
0.6031746
0.61050063
0.61489624
0.61514044
0.61440784
0.61123323
0.6043956
0.5970696
0.589011
0.5782662
0.5616606
0.54065937
0.51916975
0.49694753
0.4722833
0.44395608
0.41074485
0.3750916
0.33968255
0.3020757
0.26153848
0.22173384
0.18241759
0.14212455
0.10378511
0.06764347
0.031746034
0.0034188037
4.884005E-4
2.4420026E-4
2.4420026E-4
2.4420026E-4
2.4420026E-4
0.99975586
1.0
1.0
1.0
1.0
0.99975586
1.0
1.0
1.0
1.0
1.0
1.0
1.0
1.0
1.0
1.0
1.0
1.0
1.0
1.0
1.0
1.0
1.0
1.0
1.0
1.0
1.0
1.0
1.0
1.0
1.0
0.99731386
0.9369964
0.8459097
0.77118444
0.71697193
0.6688645
0.61416364
0.5543346
0.49572653
0.44175828
0.38949943
0.33943835
0.2940171
0.24786326
0.20048842
0.15628816
0.11526252
0.07838828
0.044444446
0.010744811
7.326008E-4
2.4420026E-4
0.0
2.4420026E-4
0.0
0.0
0.0
2.4420026E-4
2.4420026E-4
2.4420026E-4
2.4420026E-4
2.4420026E-4
2.4420026E-4
2.4420026E-4
0.0
2.4420026E-4
0.0
0.0
0.0
2.4420026E-4
2.4420026E-4
0.0
0.0
0.007326008
0.05641026
0.116727725
0.17094018
0.21978024
0.26862028
0.32136753
0.37875462
0.43638587
0.49548233
0.5575092
0.62295485
0.6908425
0.75897443
0.8295483
0.90256417
0.97631264
0.99877906
0.99975586
1.0
1.0
1.0
1.0
1.0
1.0
0.99975586
1.0
1.0
1.0
1.0
0.99975586
1.0
1.0
1.0
1.0
1.0
1.0
1.0
1.0
1.0
1.0
1.0
1.0
1.0
1.0
1.0
1.0
1.0
1.0
1.0
1.0
1.0
1.0
1.0
0.36874238
0.36898658
0.36923078
0.36971918
0.36996338
0.37045178
0.37118438
0.37216118
0.37313798
0.37411478
0.3753358
0.3763126
0.3777778
0.37899882
0.38021982
0.38192922
0.38363862
0.38485962
0.38656902
0.38803422
0.38974363
0.39120883
0.39267403
0.39462763
0.39584863
0.39755803
0.39902323
0.40048844
0.40219784
0.40341884
0.40488404
0.40634924
0.40781444
0.40927964
0.41050065
0.41172165
0.41294265
0.41367525
0.41489625
0.41611725
0.41684985
0.41807085
0.41880345
0.42002445
0.42051286
0.42124546
0.42197806
0.42271066
0.42319906
0.42368746
0.42393166
0.42442006
0.42466426
0.42490846
0.42515266
0.42539686
0.42539686
0.42539686
0.42564106
0.42564106
0.42588526
0.42539686
0.42539686
0.42490846
0.42466426
0.42442006
0.42393166
0.42344326
0.42295486
0.42246646
0.42197806
0.42124546
0.42051286
0.41978025
0.41904765
0.41855925
0.41807085
0.41709405
0.41636145
0.41562885
0.41489625
0.41391945
0.41294265
0.41221005
0.41147745
0.41074485
0.41025645
0.40952384
0.40879124
0.40781444
0.40757024
0.40683764
0.40659344
0.40586084
0.40561664
0.40512824
0.40488404
0.40463984
0.40439564
0.40463984
0.40463984
0.40463984
0.40488404
0.40512824
0.40561664
0.40634924
0.40708184
0.40781444
0.40879124
0.40976804
0.41123325
0.41245425
0.41367525
0.41538465
0.41709405
0.41855925
0.42051286
0.42222226
0.42393166
0.42564106
0.42735046
0.42905986
0.43076926
0.43223447
0.43345547
0.43467647
0.43565327
0.43638587
0.4742369
0.4722833
0.4703297
0.4681319
0.4664225
0.4652015
0.4639805
0.4625153
0.4615385
0.4605617
0.4598291
0.4593407
0.4590965
0.4586081
0.4586081
0.4588523
0.4590965
0.4595849
0.4603175
0.4610501
0.4620269
0.4632479
0.4639805
0.4649573
0.4664225
0.4678877
0.4693529
0.4710623
0.4725275
0.4742369
0.4761905
0.4783883
0.4800977
0.4820513
0.4837607
0.48571432
0.48791212
0.48986572
0.49181932
0.49401712
0.49572653
0.49768013
0.49963373
0.50183153
0.50354093
0.50549453
0.50744814
0.50915754
0.51086694
0.51233214
0.51404154
0.51575094
0.51697195
0.51819295
0.51965815
0.52063495
0.52185595
0.52258855
0.52356535
0.52429795
0.52478635
0.52527475
0.52576315
0.52600735
0.52600735
0.52625155
0.52600735
0.52600735
0.52551895
0.52527475
0.52478635
0.52380955
0.52307695
0.52185595
0.52063495
0.51916975
0.51794875
0.51623935
0.51452994
0.51257634
0.51062274
0.50842494
0.50598294
0.50378513
0.50109893
0.49841273
0.49548233
0.49279612
0.48937732
0.48644692
0.4830281
0.4796093
0.4757021
0.4725275
0.4688645
0.4649573
0.4615385
0.4576313
0.4537241
0.45006108
0.44639808
0.44249088
0.43882787
0.43492067
0.43125767
0.42759466
0.42393166
0.42026865
0.41709405
0.41391945
0.41074485
0.40830284
0.40561664
0.40317464
0.40146524
0.39951164
0.39804643
0.39706963
0.39609283
0.39584863
0.39584863
0.39609283
0.39706963
0.39853483
0.40024424
0.40219784
0.40488404
0.40757024
# Frame_Number = 896
1.0
1.0
1.0
1.0
1.0
1.0
1.0
0.96849823
0.8329671
0.6781441
0.5514042
0.44688648
0.34505495
0.23663005
0.12332113
0.017582418
0.0012210013
2.4420026E-4
2.4420026E-4
2.4420026E-4
2.4420026E-4
2.4420026E-4
2.4420026E-4
2.4420026E-4
2.4420026E-4
2.4420026E-4
2.4420026E-4
2.4420026E-4
2.4420026E-4
2.4420026E-4
2.4420026E-4
2.4420026E-4
0.0
0.0
2.4420026E-4
0.0
0.0
2.4420026E-4
2.4420026E-4
0.048107453
0.20415142
0.35946277
0.4705739
0.5550672
0.63223445
0.7086691
0.78192925
0.8471307
0.90207577
0.9470086
0.98681325
0.99926746
0.99975586
1.0
1.0
1.0
1.0
1.0
1.0
1.0
1.0
1.0
1.0
0.99975586
0.99975586
0.97533584
0.9094018
0.8427351
0.78681326
0.73504275
0.6818071
0.62588525
0.570696
0.52039075
0.4732601
0.42954826
0.39145303
0.35702077
0.32698414
0.30378512
0.2862027
0.27106228
0.26080588
0.25592187
0.25518927
0.25811967
0.26300368
0.26788768
0.2749695
0.2815629
0.2874237
0.2918193
0.2937729
0.2915751
0.2844933
0.2747253
0.26446888
0.24932846
0.22979245
0.20854703
0.18730159
0.16361417
0.13626374
0.10915752
0.083272286
0.05689866
0.032478634
0.01001221
7.326008E-4
2.4420026E-4
2.4420026E-4
2.4420026E-4
2.4420026E-4
2.4420026E-4
2.4420026E-4
2.4420026E-4
2.4420026E-4
2.4420026E-4
2.4420026E-4
2.4420026E-4
2.4420026E-4
2.4420026E-4
2.4420026E-4
2.4420026E-4
2.4420026E-4
2.4420026E-4
2.4420026E-4
2.4420026E-4
2.4420026E-4
0.0
0.0
0.0
0.0
0.0
0.0
0.0
0.0
0.0
2.4420026E-4
2.4420026E-4
2.4420026E-4
2.4420026E-4
2.4420026E-4
0.0
2.4420026E-4
0.0
2.4420026E-4
2.4420026E-4
2.4420026E-4
2.4420026E-4
0.014163615
0.19877902
0.4737485
0.7091575
0.89426136
0.99365085
0.99975586
1.0
1.0
1.0
1.0
1.0
1.0
1.0
1.0
1.0
1.0
1.0
1.0
1.0
1.0
1.0
1.0
1.0
1.0
0.89157516
0.62686205
0.35799757
0.14041515
0.00976801
7.326008E-4
4.884005E-4
4.884005E-4
2.4420026E-4
4.884005E-4
2.4420026E-4
2.4420026E-4
2.4420026E-4
2.4420026E-4
2.4420026E-4
2.4420026E-4
2.4420026E-4
2.4420026E-4
2.4420026E-4
0.0
2.4420026E-4
0.0
0.0
2.4420026E-4
2.4420026E-4
0.0
2.4420026E-4
2.4420026E-4
2.4420026E-4
2.4420026E-4
2.4420026E-4
2.4420026E-4
2.4420026E-4
2.4420026E-4
2.4420026E-4
0.0
0.0
2.4420026E-4
2.4420026E-4
2.4420026E-4
2.4420026E-4
2.4420026E-4
0.009035409
0.21904764
0.5638584
0.8564103
0.99145305
0.99926746
0.99975586
0.99975586
1.0
1.0
1.0
1.0
1.0
1.0
1.0
1.0
1.0
1.0
1.0
1.0
1.0
1.0
1.0
1.0
1.0
1.0
1.0
1.0
1.0
1.0
1.0
1.0
1.0
1.0
1.0
1.0
1.0
1.0
1.0
0.35213676
0.35531136
0.35824177
0.36166057
0.36507937
0.36874238
0.37216118
0.3758242
0.37948722
0.38388282
0.38754582
0.39194143
0.39609283
0.40048844
0.40488404
0.40927964
0.41367525
0.41831505
0.42246646
0.42661786
0.43052506
0.43394387
0.43711847
0.43980467
0.44200248
0.44346768
0.44420028
0.44468868
0.44468868
0.44395608
0.44224668
0.44029307
0.43760687
0.43467647
0.43125767
0.42783886
0.42393166
0.42026865
0.41611725
0.41196585
0.40830284
0.40439564
0.40097684
0.39780223
0.39462763
0.39169723
0.38901103
0.38632482
0.38437122
0.38217342
0.38021982
0.37899882
0.3775336
0.3763126
0.37484738
0.37387058
0.37313798
0.37240538
0.37216118
0.37191698
0.37191698
0.37240538
0.37313798
0.37387058
0.3750916
0.3765568
0.37802202
0.37948722
0.38119662
0.38290602
0.38485962
0.38681322
0.38876683
0.39047623
0.39218563
0.39340663
0.39511603
0.39633703
0.39731383
0.39829063
0.39926744
0.39975584
0.40024424
0.40073264
0.40073264
0.40097684
0.40122104
0.40097684
0.40122104
0.40122104
0.40097684
0.40122104
0.40146524
0.40170944
0.40244204
0.40293044
0.40366304
0.40463984
0.40561664
0.40683764
0.40781444
0.40927964
0.41074485
0.41196585
0.41343105
0.41465205
0.41611725
0.41733825
0.41880345
0.41978025
0.42100126
0.42222226
0.42295486
0.42368746
0.42466426
0.42539686
0.42588526
0.42661786
0.42686206
0.42710626
0.42735046
0.42735046
0.42735046
0.42735046
0.42735046
0.42710626
0.42710626
0.42661786
0.5699634
0.5709402
0.5711844
0.5714286
0.5709402
0.5699634
0.5689866
0.5675214
0.5655678
0.5636142
0.5606838
0.5582418
0.554823
0.5514042
0.5470086
0.54261297
0.53748477
0.53235656
0.52625155
0.52014655
0.51355314
0.50647134
0.49938953
0.49230772
0.48522592
0.4781441
0.4708181
0.4639805
0.4573871
0.45152628
0.44639808
0.44200248
0.43858367
0.43614167
0.43467647
0.43369967
0.43394387
0.43492067
0.43711847
0.44029307
0.44395608
0.44884008
0.4542125
0.4600733
0.4666667
0.4737485
0.4805861
0.48791212
0.49572653
0.50354093
0.51184374
0.52014655
0.52844936
0.53675216
0.5452992
0.5538462
0.5619048
0.5702076
0.5785104
0.5858364
0.5934066
0.6004884
0.60708183
0.61294264
0.61831504
0.62271065
0.62661785
0.62930405
0.63150185
0.63247865
0.63247865
0.63150185
0.63003665
0.62710625
0.62368745
0.61929184
0.61416364
0.60830283
0.6017094
0.5943834
0.586569
0.5782662
0.5697192
0.560928
0.5521368
0.5431014
0.53382176
0.52454215
0.51575094
0.50695974
0.49841273
0.49035412
0.4820513
0.4737485
0.4659341
0.4586081
0.45177048
0.44517708
0.43907207
0.43321127
0.42759466
0.42271066
0.41782665
0.41343105
0.40952384
0.40634924
0.40317464
0.40048844
0.39853483
0.39706963
0.39584863
0.39511603
0.39511603
0.39536023
0.39633703
0.39706963
0.39877903
0.40048844
0.40244204
0.40537244
0.40781444
0.41098905
0.41416365
0.41758245
0.42124546
0.42490846
0.42881566
0.43272287
# Frame_Number = 897
0.48913312
0.45079368
0.41074485
0.37264958
0.34017095
0.31672773
0.3023199
0.2969475
0.3020757
0.31648353
0.34065935
0.3772894
0.42588526
0.4825397
0.5472528
0.62075704
0.7028083
0.78779006
0.87277174
0.9545788
0.99731386
0.99951166
1.0
1.0
1.0
1.0
1.0
1.0
1.0
1.0
1.0
1.0
0.97411484
0.8090355
0.5782662
0.35311356
0.13772894
0.007814408
7.326008E-4
4.884005E-4
4.884005E-4
2.4420026E-4
4.884005E-4
2.4420026E-4
2.4420026E-4
2.4420026E-4
2.4420026E-4
2.4420026E-4
4.884005E-4
4.884005E-4
4.884005E-4
4.884005E-4
2.4420026E-4
4.884005E-4
4.884005E-4
2.4420026E-4
2.4420026E-4
2.4420026E-4
2.4420026E-4
2.4420026E-4
2.4420026E-4
2.4420026E-4
2.4420026E-4
2.4420026E-4
0.030280832
0.40903544
0.9216118
0.99658126
0.99975586
1.0
1.0
1.0
1.0
1.0
1.0
1.0
1.0
1.0
1.0
1.0
1.0
0.99975586
1.0
1.0
1.0
1.0
1.0
0.99975586
1.0
1.0
1.0
0.99975586
0.99975586
0.99975586
1.0
1.0
0.99975586
1.0
0.90012217
0.39536023
0.020757021
0.0012210013
4.884005E-4
2.4420026E-4
2.4420026E-4
4.884005E-4
2.4420026E-4
2.4420026E-4
2.4420026E-4
2.4420026E-4
0.06422467
0.5728938
0.97728944
0.99877906
0.99975586
0.99975586
1.0
0.99975586
1.0
0.99975586
1.0
1.0
0.99975586
0.99975586
0.7553114
0.18168499
0.007326008
7.326008E-4
0.37264958
0.33162394
0.30354092
0.2876679
0.2796093
0.2803419
0.2901099
0.30378512
0.31648353
0.32991454
0.34212455
0.34774116
0.34383395
0.33015874
0.30695972
0.26739928
0.21318683
0.14407815
0.058363862
0.0034188037
4.884005E-4
2.4420026E-4
2.4420026E-4
2.4420026E-4
0.0
2.4420026E-4
2.4420026E-4
0.0
2.4420026E-4
0.0
0.0
0.0
2.4420026E-4
2.4420026E-4
0.0
2.4420026E-4
2.4420026E-4
2.4420026E-4
2.4420026E-4
2.4420026E-4
2.4420026E-4
4.884005E-4
2.4420026E-4
2.4420026E-4
2.4420026E-4
2.4420026E-4
2.4420026E-4
2.4420026E-4
4.884005E-4
2.4420026E-4
2.4420026E-4
2.4420026E-4
0.07008547
0.5899878
0.97753364
0.99877906
0.99975586
0.99975586
1.0
1.0
1.0
0.99975586
1.0
0.99975586
1.0
0.99975586
0.99975586
1.0
0.99975586
0.99975586
0.99975586
1.0
0.99975586
1.0
0.99975586
1.0
1.0
1.0
1.0
1.0
1.0
1.0
1.0
1.0
1.0
1.0
0.9142858
0.6962149
0.45128208
0.22100124
0.023687426
0.0014652016
2.4420026E-4
2.4420026E-4
2.4420026E-4
0.0
2.4420026E-4
2.4420026E-4
0.0
0.0
0.0
0.0
0.0
2.4420026E-4
0.10451771
0.7067155
0.98681325
0.99902326
0.99975586
0.99975586
0.99975586
0.99975586
1.0
0.99975586
1.0
1.0
1.0
1.0
0.90061057
0.2859585
0.012210013
9.76801E-4
2.4420026E-4
2.4420026E-4
4.884005E-4
0.0
2.4420026E-4
0.0080586085
0.41660565
0.41807085
0.41953605
0.42100126
0.42197806
0.42295486
0.42344326
0.42344326
0.42319906
0.42295486
0.42148966
0.42026865
0.41807085
0.41611725
0.41343105
0.41025645
0.40683764
0.40366304
0.40000004
0.39682543
0.39365083
0.39023203
0.38779002
0.38510382
0.38339442
0.38217342
0.38144082
0.38192922
0.38290602
0.38534802
0.38852262
0.39291823
0.39780223
0.40415144
0.41147745
0.41929185
0.42808306
0.43760687
0.44786328
0.4586081
0.4698413
0.4808303
0.49181932
0.50305253
0.51306474
0.52258855
0.53162396
0.53919417
0.5452992
0.5504274
0.5533578
0.5550672
0.5543346
0.5516484
0.5472528
0.54090357
0.53235656
0.52258855
0.51062274
0.49768013
0.4835165
0.4693529
0.4542125
0.43931627
0.42417586
0.41025645
0.39731383
0.38583642
0.3758242
0.36727718
0.35995117
0.35409036
0.35018316
0.34725276
0.34529915
0.34432235
0.34310135
0.34261295
0.34188035
0.34090355
0.33992675
0.33870575
0.33699635
0.33479854
0.33260074
0.33040294
0.32844934
0.32698414
0.32600734
0.32625154
0.32796094
0.33113554
0.33650795
0.34432235
0.35384616
0.36630037
0.38046402
0.39584863
0.41245425
0.42881566
0.44371188
0.4571429
0.4676435
0.4747253
0.4771673
0.4749695
0.4683761
0.4578755
0.44371188
0.42661786
0.40781444
0.38876683
0.36996338
0.35311356
0.33919415
0.32918194
0.32332113
0.32307693
0.32747254
0.33699635
0.35067156
0.36678877
0.38461542
0.40244204
0.41758245
0.43028086
0.43785107
0.44078147
0.4769231
0.4776557
0.4783883
0.4786325
0.4786325
0.4781441
0.4781441
0.4778999
0.4774115
0.4776557
0.4776557
0.4781441
0.4788767
0.4808303
0.4827839
0.48522592
0.48864472
0.49255192
0.49743593
0.50305253
0.50940174
0.51623935
0.52405375
0.53235656
0.54139197
0.5504274
0.5599512
0.5699634
0.5794872
0.5885226
0.5980464
0.60659343
0.61440784
0.62148964
0.62710625
0.63174605
0.63492066
0.63614166
0.63638586
0.63467646
0.63125765
0.62612945
0.61904764
0.61001223
0.5992674
0.5868132
0.5726496
0.5570208
0.54041517
0.52283275
0.50451773
0.48571432
0.4671551
0.44932848
0.43101346
0.41416365
0.39829063
0.38412702
0.37167278
0.36141637
0.35360196
0.34774116
0.34456655
0.34407815
0.34554335
0.34920636
0.35482296
0.36166057
0.36923078
0.37802202
0.38681322
0.39536023
0.40366304
0.41123325
0.41807085
0.42393166
0.42905986
0.43321127
0.43711847
0.44053727
0.44395608
0.44761908
0.45128208
0.4556777
0.4608059
0.4666667
0.4737485
0.4815629
0.49059832
0.50036633
0.51062274
0.52112335
0.53137976
0.54090357
0.5489622
0.5545788
0.557265
0.5562882
0.5514042
0.54236877
0.52918196
0.51257634
0.49304032
0.4717949
0.45054948
0.43003666
0.41098905
0.39487183
0.38339442
0.3763126
0.3753358
0.37948722
0.38974363
0.40390724
0.42222226
0.44297928
0.4654457
0.48693532
0.50647134
0.52234435
0.53333336
0.53821737
0.53699636
0.52967036
0.51672775
0.49938953
0.4793651
0.4586081
# Frame_Number = 898
0.99975586
1.0
0.9555556
0.8322345
0.7096459
0.62051284
0.549939
0.4808303
0.41074485
0.34065935
0.27081808
0.20439562
0.14139195
0.08107448
0.026129428
0.0014652016
4.884005E-4
2.4420026E-4
4.884005E-4
2.4420026E-4
2.4420026E-4
2.4420026E-4
2.4420026E-4
2.4420026E-4
2.4420026E-4
2.4420026E-4
2.4420026E-4
2.4420026E-4
2.4420026E-4
2.4420026E-4
2.4420026E-4
2.4420026E-4
2.4420026E-4
2.4420026E-4
2.4420026E-4
2.4420026E-4
2.4420026E-4
2.4420026E-4
2.4420026E-4
2.4420026E-4
2.4420026E-4
2.4420026E-4
2.4420026E-4
0.0026862028
0.06520147
0.16214897
0.24566546
0.31379732
0.37851042
0.44566548
0.51672775
0.5899878
0.6622711
0.73382175
0.8039073
0.87228334
0.9391942
0.99365085
0.99951166
0.99975586
0.99975586
1.0
1.0
0.99975586
1.0
1.0
1.0
1.0
1.0
1.0
1.0
1.0
1.0
1.0
0.99975586
1.0
1.0
0.99975586
1.0
1.0
1.0
1.0
1.0
1.0
1.0
1.0
1.0
1.0
1.0
0.99975586
1.0
1.0
0.99975586
1.0
1.0
1.0
0.99975586
0.99975586
1.0
1.0
0.99975586
0.99975586
1.0
0.99975586
1.0
0.99975586
0.99975586
0.99975586
1.0
0.99975586
1.0
1.0
0.99975586
0.99560446
0.9357754
0.8551893
0.79194146
0.74310136
0.6964591
0.64713067
0.6009768
0.5587302
0.51599514
0.4737485
0.43247867
0.39365083
0.35531136
0.31916973
0.99975586
1.0
1.0
1.0
1.0
1.0
1.0
1.0
0.99975586
1.0
1.0
1.0
0.99975586
0.99145305
0.88058615
0.71794873
0.5775336
0.4664225
0.36581197
0.26324788
0.15628816
0.051282056
0.0026862028
2.4420026E-4
2.4420026E-4
2.4420026E-4
2.4420026E-4
0.0
2.4420026E-4
2.4420026E-4
2.4420026E-4
2.4420026E-4
0.0
2.4420026E-4
0.0
0.0
2.4420026E-4
2.4420026E-4
2.4420026E-4
2.4420026E-4
2.4420026E-4
2.4420026E-4
2.4420026E-4
0.0
2.4420026E-4
0.0
0.0
2.4420026E-4
0.0
0.0
0.0
2.4420026E-4
2.4420026E-4
4.884005E-4
0.0
2.4420026E-4
0.0
0.0
2.4420026E-4
2.4420026E-4
0.0
2.4420026E-4
2.4420026E-4
2.4420026E-4
4.884005E-4
2.4420026E-4
0.004639805
0.07350428
0.16971917
0.25054947
0.31452993
0.37338218
0.43516487
0.49645913
0.554823
0.61172163
0.6678877
0.72380954
0.77680105
0.8263737
0.87350434
0.9196582
0.962149
0.99584866
0.99975586
1.0
1.0
1.0
1.0
1.0
0.99975586
1.0
0.99975586
1.0
1.0
1.0
1.0
1.0
1.0
1.0
1.0
1.0
1.0
1.0
1.0
1.0
1.0
1.0
1.0
1.0
1.0
1.0
1.0
1.0
1.0
1.0
1.0
1.0
1.0
1.0
1.0
1.0
1.0
1.0
1.0
1.0
1.0
1.0
0.36923078
0.37216118
0.3750916
0.37826622
0.38119662
0.38388282
0.38681322
0.38925523
0.39218563
0.39487183
0.39755803
0.40000004
0.40293044
0.40512824
0.40757024
0.41025645
0.41245425
0.41465205
0.41684985
0.41880345
0.42051286
0.42222226
0.42344326
0.42515266
0.42661786
0.42783886
0.42881566
0.42979246
0.43052506
0.43101346
0.43125767
0.43174607
0.43174607
0.43125767
0.43101346
0.43028086
0.42979246
0.42857146
0.42735046
0.42612946
0.42442006
0.42295486
0.42124546
0.41904765
0.41709405
0.41489625
0.41269845
0.41025645
0.40781444
0.40512824
0.40244204
0.39975584
0.39682543
0.39389503
0.39145303
0.38827842
0.38559222
0.38241762
0.37973142
0.376801
0.37387058
0.37118438
0.36825398
0.36556777
0.36312577
0.36043957
0.35750917
0.35531136
0.35311356
0.35067156
0.34847376
0.34652016
0.34456655
0.34261295
0.34090355
0.33943835
0.33797315
0.33650795
0.33528695
0.33406594
0.33333334
0.33260074
0.33162394
0.33113554
0.33064714
0.33040294
0.33015874
0.33015874
0.33015874
0.32991454
0.33064714
0.33064714
0.33137974
0.33211234
0.33260074
0.33357754
0.33455434
0.33528695
0.33626375
0.33748475
0.33870575
0.33992675
0.34139195
0.34236875
0.34432235
0.34578755
0.34725276
0.34871796
0.35042736
0.35213676
0.35360196
0.35555556
0.35702077
0.35873017
0.36043957
0.36190477
0.36361417
0.36532357
0.36703297
0.36849818
0.36996338
0.37167278
0.37313798
0.3750916
0.3763126
0.37802202
0.37948722
0.38070822
0.43296707
0.43394387
0.43516487
0.43663007
0.43858367
0.44053727
0.44297928
0.44590968
0.44884008
0.45177048
0.4551893
0.4588523
0.4625153
0.4666667
0.4705739
0.4747253
0.4788767
0.4830281
0.48717952
0.49133092
0.49523813
0.49963373
0.50354093
0.50720394
0.51086694
0.51477414
0.51794875
0.52136755
0.52454215
0.52747256
0.52991456
0.53284496
0.53504276
0.53724056
0.53894997
0.54065937
0.54212457
0.5435898
0.5445666
0.5452992
0.5457876
0.5460318
0.546276
0.546276
0.5460318
0.5460318
0.5452992
0.5445666
0.543834
0.54261297
0.54163617
0.54065937
0.53919417
0.53772897
0.53626376
0.53479856
0.53284496
0.53137976
0.52918196
0.52747256
0.52551895
0.52356535
0.52161175
0.51941395
0.51721615
0.51501834
0.51282054
0.51086694
0.50866914
0.50647134
0.50427353
0.50207573
0.49963373
0.49768013
0.49523813
0.49304032
0.49084252
0.48888892
0.48669112
0.48449332
0.4825397
0.4805861
0.4786325
0.4766789
0.4747253
0.4727717
0.4708181
0.4688645
0.4673993
0.4656899
0.4642247
0.4627595
0.4615385
0.4600733
0.4590965
0.4578755
0.4571429
0.4561661
0.4554335
0.4547009
0.4539683
0.4529915
0.45225888
0.45177048
0.45128208
0.45079368
0.45079368
0.45030528
0.45006108
0.45006108
0.45006108
0.45006108
0.45006108
0.45030528
0.45030528
0.45054948
0.45079368
0.45079368
0.45128208
0.45152628
0.45152628
0.45201468
0.45201468
0.45225888
0.45225888
0.4525031
0.45225888
0.4525031
# Frame_Number = 899
2.4420026E-4
2.4420026E-4
2.4420026E-4
2.4420026E-4
4.884005E-4
0.05445666
0.14676435
0.21880344
0.26520148
0.3018315
0.33797315
0.37558
0.41514045
0.45103788
0.4793651
0.50549453
0.52991456
0.5518926
0.5738706
0.5948718
0.61269844
0.62759465
0.64126986
0.6554335
0.6710623
0.6844933
0.6935287
0.6998779
0.7057387
0.7111111
0.71794873
0.72136754
0.72161174
0.72307694
0.72698414
0.73113555
0.73455435
0.73553115
0.73455435
0.73528695
0.73675215
0.73675215
0.73626375
0.73650795
0.73479855
0.73211235
0.73113555
0.73015875
0.72967035
0.72942615
0.72820514
0.72478634
0.72234434
0.72039074
0.72014654
0.71916974
0.71623933
0.7125763
0.7089133
0.7076923
0.7084249
0.7074481
0.7050061
0.7028083
0.7010989
0.6981685
0.6954823
0.6930403
0.6888889
0.6886447
0.6915751
0.6927961
0.6910867
0.6874237
0.6837607
0.6840049
0.6862027
0.6857143
0.6849817
0.6859585
0.6869353
0.6876679
0.6886447
0.6905983
0.6920635
0.6937729
0.6959707
0.6993895
0.7003663
0.6998779
0.7008547
0.7030525
0.7067155
0.7106227
0.71330893
0.71575093
0.71941394
0.72283274
0.72429794
0.72429794
0.72307694
0.72625154
0.72942615
0.72918195
0.72747254
0.72820514
0.73089135
0.73211235
0.73186815
0.72820514
0.72600734
0.72673994
0.72722834
0.72576314
0.72356534
0.72112334
0.71697193
0.7125763
0.7091575
0.7050061
0.6996337
0.6930403
0.6862027
0.6796093
0.6730159
0.6654457
0.6588523
0.6507937
0.9653236
0.9130648
0.87423694
0.8471307
0.8224665
0.79755807
0.77411485
0.7521368
0.73333335
0.71623933
0.7003663
0.6876679
0.6735043
0.6583639
0.64493287
0.63565326
0.62808305
0.61807084
0.604884
0.5929182
0.5819292
0.5709402
0.5599512
0.5484738
0.53504276
0.52307695
0.51257634
0.50280833
0.49352872
0.48547012
0.4781441
0.4698413
0.4586081
0.44835168
0.43858367
0.42661786
0.41318685
0.39877903
0.38559222
0.3760684
0.36556777
0.35091576
0.33406594
0.31721613
0.3018315
0.2864469
0.27081808
0.25616607
0.24151406
0.22612944
0.20903543
0.19047621
0.17509158
0.16117217
0.14456655
0.12405373
0.106959715
0.0940171
0.08058608
0.06642247
0.050305255
0.035409037
0.021001222
0.004884005
4.884005E-4
0.0
2.4420026E-4
0.0
0.0
0.0
2.4420026E-4
2.4420026E-4
2.4420026E-4
0.0
2.4420026E-4
2.4420026E-4
0.0
2.4420026E-4
0.0
2.4420026E-4
0.0
0.0
0.0
2.4420026E-4
0.0
2.4420026E-4
2.4420026E-4
2.4420026E-4
0.0
0.0
0.0
0.0
0.0
2.4420026E-4
2.4420026E-4
0.0
2.4420026E-4
2.4420026E-4
2.4420026E-4
2.4420026E-4
0.0
2.4420026E-4
0.0
0.0
2.4420026E-4
0.0
0.0
0.0
0.0
2.4420026E-4
0.0
0.0
0.0
2.4420026E-4
2.4420026E-4
0.0
2.4420026E-4
2.4420026E-4
0.0
0.0
0.0
2.4420026E-4
2.4420026E-4
2.4420026E-4
0.0
0.0
0.0
2.4420026E-4
0.42368746
0.42173386
0.41953605
0.41758245
0.41562885
0.41367525
0.41221005
0.41050065
0.40903544
0.40781444
0.40659344
0.40488404
0.40390724
0.40293044
0.40170944
0.40073264
0.40000004
0.39926744
0.39804643
0.39731383
0.39682543
0.39609283
0.39560443
0.39462763
0.39389503
0.39340663
0.39291823
0.39242983
0.39218563
0.39169723
0.39120883
0.39120883
0.39072043
0.39023203
0.38998783
0.38974363
0.38949943
0.38925523
0.38876683
0.38852262
0.38827842
0.38803422
0.38779002
0.38754582
0.38754582
0.38730162
0.38730162
0.38705742
0.38681322
0.38681322
0.38656902
0.38632482
0.38632482
0.38583642
0.38583642
0.38583642
0.38583642
0.38534802
0.38534802
0.38534802
0.38510382
0.38485962
0.38485962
0.38437122
0.38461542
0.38437122
0.38412702
0.38437122
0.38412702
0.38388282
0.38363862
0.38339442
0.38339442
0.38339442
0.38339442
0.38290602
0.38290602
0.38241762
0.38241762
0.38192922
0.38192922
0.38168502
0.38168502
0.38119662
0.38119662
0.38095242
0.38046402
0.38021982
0.37997562
0.37973142
0.37948722
0.37899882
0.37875462
0.37851042
0.37826622
0.3777778
0.3777778
0.3775336
0.3770452
0.3770452
0.3763126
0.3760684
0.3758242
0.3758242
0.37558
0.3750916
0.37460318
0.37460318
0.37460318
0.37460318
0.37411478
0.37387058
0.37411478
0.37362638
0.37338218
0.37362638
0.37362638
0.37313798
0.37313798
0.37338218
0.37338218
0.37338218
0.37338218
0.37362638
0.37362638
0.37362638
0.37387058
0.37411478
0.43760687
0.43833947
0.43907207
0.43980467
0.44053727
0.44102567
0.44151407
0.44200248
0.44249088
0.44273508
0.44297928
0.44346768
0.44371188
0.44420028
0.44420028
0.44468868
0.44493288
0.44542128
0.44566548
0.44615388
0.44639808
0.44688648
0.44737488
0.44761908
0.44810748
0.44835168
0.44884008
0.44908428
0.44957268
0.44981688
0.45030528
0.45054948
0.45079368
0.45152628
0.45201468
0.4527473
0.4534799
0.4537241
0.4542125
0.4549451
0.4556777
0.4564103
0.4571429
0.4581197
0.4588523
0.4595849
0.4603175
0.4610501
0.4620269
0.4632479
0.4639805
0.4647131
0.4656899
0.4669109
0.4676435
0.4686203
0.4695971
0.4703297
0.4713065
0.4725275
0.4732601
0.4742369
0.4754579
0.4766789
0.4776557
0.4786325
0.4798535
0.4808303
0.4818071
0.4827839
0.4837607
0.48498172
0.48595852
0.48693532
0.48791212
0.48888892
0.48986572
0.49059832
0.49157512
0.49255192
0.49352872
0.49426132
0.49499393
0.49597073
0.49694753
0.49768013
0.49865693
0.49938953
0.50012213
0.50109893
0.50183153
0.50231993
0.50329673
0.50378513
0.50427353
0.50500613
0.50549453
0.50598294
0.50647134
0.50695974
0.50720394
0.50744814
0.50793654
0.50793654
0.50842494
0.50842494
0.50842494
0.50891334
0.50891334
0.50891334
0.50891334
0.50891334
0.50891334
0.50891334
0.50866914
0.50866914
0.50842494
0.50842494
0.50818074
0.50793654
0.50769234
0.50720394
0.50695974
0.50671554
0.50622714
0.50573874
0.50549453
0.50500613
# Frame_Number = 900
0.557265
0.5680098
0.5775336
0.585348
0.592674
0.602442
0.61416364
0.62515265
0.63931626
0.6544567
0.6673993
0.6822955
0.6993895
0.71868134
0.73919415
0.76166064
0.78632486
0.8136753
0.8427351
0.87326014
0.90378517
0.9323566
0.9628816
0.99389505
0.99951166
0.99975586
1.0
1.0
1.0
0.99975586
1.0
1.0
1.0
0.99975586
1.0
1.0
1.0
1.0
1.0
1.0
1.0
0.99975586
1.0
1.0
1.0
1.0
1.0
1.0
1.0
1.0
1.0
1.0
1.0
1.0
1.0
1.0
1.0
1.0
1.0
1.0
1.0
1.0
1.0
1.0
1.0
0.99975586
1.0
0.99975586
0.97484744
0.9086692
0.8454213
0.7990233
0.75799763
0.71648353
0.6735043
0.63003665
0.5873016
0.5452992
0.50231993
0.4603175
0.42319906
0.38583642
0.34554335
0.30671552
0.26984128
0.23272285
0.19731382
0.16385837
0.13137974
0.09987791
0.06910867
0.035164837
0.004639805
4.884005E-4
2.4420026E-4
0.0
2.4420026E-4
0.0
2.4420026E-4
2.4420026E-4
2.4420026E-4
0.0
2.4420026E-4
2.4420026E-4
2.4420026E-4
2.4420026E-4
2.4420026E-4
2.4420026E-4
2.4420026E-4
2.4420026E-4
2.4420026E-4
2.4420026E-4
2.4420026E-4
2.4420026E-4
2.4420026E-4
2.4420026E-4
2.4420026E-4
2.4420026E-4
2.4420026E-4
2.4420026E-4
0.0
2.4420026E-4
2.4420026E-4
2.4420026E-4
2.4420026E-4
2.4420026E-4
0.0
2.4420026E-4
0.5846154
0.5843712
0.5858364
0.5899878
0.5953602
0.6017094
0.6058608
0.61098903
0.61953604
0.62930405
0.63833946
0.64786327
0.6578755
0.6678877
0.6754579
0.6820513
0.6901099
0.6974359
0.7025641
0.7081807
0.71282053
0.71526253
0.71623933
0.71452993
0.7079365
0.7008547
0.6969475
0.6903541
0.6798535
0.6664225
0.6512821
0.63418806
0.61245424
0.586569
0.559707
0.53333336
0.50622714
0.4752137
0.44468868
0.41294265
0.3775336
0.34163615
0.30598292
0.26813188
0.22881564
0.1882784
0.14652015
0.10427351
0.06446887
0.023931626
0.0014652016
2.4420026E-4
2.4420026E-4
2.4420026E-4
2.4420026E-4
2.4420026E-4
2.4420026E-4
2.4420026E-4
2.4420026E-4
2.4420026E-4
2.4420026E-4
2.4420026E-4
0.0
2.4420026E-4
2.4420026E-4
2.4420026E-4
2.4420026E-4
0.0
0.0
2.4420026E-4
0.0
0.0
2.4420026E-4
0.0
2.4420026E-4
2.4420026E-4
2.4420026E-4
0.0
2.4420026E-4
2.4420026E-4
0.0
0.0
2.4420026E-4
2.4420026E-4
2.4420026E-4
0.0
2.4420026E-4
0.0
0.0
0.0
0.0
2.4420026E-4
0.0
2.4420026E-4
0.026373629
0.12332113
0.22564104
0.30525032
0.37118438
0.44151407
0.51770455
0.5924298
0.6630037
0.73186815
0.8024421
0.87570214
0.9496948
0.99633706
0.99951166
1.0
0.99975586
1.0
1.0
1.0
1.0
0.99975586
0.99975586
1.0
1.0
1.0
1.0
1.0
1.0
1.0
1.0
1.0
1.0
1.0
0.38876683
0.38827842
0.38779002
0.38730162
0.38705742
0.38632482
0.38608062
0.38534802
0.38437122
0.38412702
0.38339442
0.38241762
0.38168502
0.38046402
0.37948722
0.37851042
0.3770452
0.3758242
0.37435898
0.37264958
0.37142858
0.36971918
0.36800978
0.36605617
0.36434677
0.36263737
0.36092797
0.35897437
0.35702077
0.35531136
0.35360196
0.35164836
0.34945056
0.34798536
0.34627596
0.34481075
0.34310135
0.34188035
0.34017095
0.33894995
0.33797315
0.33699635
0.33601955
0.33504274
0.33431014
0.33382174
0.33357754
0.33308914
0.33308914
0.33260074
0.33284494
0.33308914
0.33357754
0.33357754
0.33406594
0.33455434
0.33504274
0.33601955
0.33699635
0.33772895
0.33894995
0.33992675
0.34090355
0.34188035
0.34334555
0.34456655
0.34578755
0.34725276
0.34847376
0.34993896
0.35115996
0.35286936
0.35409036
0.35555556
0.35702077
0.35848597
0.35995117
0.36166057
0.36312577
0.36459097
0.36581197
0.36776558
0.36923078
0.37069598
0.37216118
0.37387058
0.37558
0.3770452
0.37851042
0.37997562
0.38192922
0.38339442
0.38485962
0.38681322
0.38852262
0.38998783
0.39169723
0.39316243
0.39462763
0.39609283
0.39755803
0.39902323
0.40024424
0.40146524
0.40268624
0.40390724
0.40488404
0.40634924
0.40732604
0.40879124
0.40927964
0.41025645
0.41098905
0.41172165
0.41221005
0.41294265
0.41318685
0.41367525
0.41416365
0.41440785
0.41514045
0.41514045
0.41562885
0.41562885
0.41562885
0.41562885
0.41562885
0.41538465
0.4805861
0.4800977
0.4798535
0.4796093
0.4793651
0.4791209
0.4786325
0.4781441
0.4776557
0.4771673
0.4766789
0.4761905
0.4757021
0.4752137
0.4747253
0.4742369
0.4739927
0.4735043
0.4732601
0.4730159
0.4725275
0.4725275
0.4722833
0.4722833
0.4722833
0.4725275
0.4727717
0.4730159
0.4732601
0.4737485
0.4744811
0.4752137
0.4761905
0.4769231
0.4778999
0.4791209
0.4800977
0.4815629
0.4827839
0.4840049
0.48547012
0.48717952
0.48888892
0.49059832
0.49230772
0.49450552
0.49621493
0.49816853
0.50036633
0.50231993
0.50427353
0.50622714
0.50842494
0.51062274
0.51282054
0.51477414
0.51697195
0.51892555
0.52087915
0.52283275
0.52454215
0.52625155
0.52820516
0.52967036
0.53137976
0.53284496
0.53431016
0.53553116
0.53650796
0.53748477
0.53821737
0.53894997
0.53943837
0.54017097
0.54017097
0.54041517
0.54041517
0.53968257
0.53968257
0.53919417
0.53846157
0.53748477
0.53675216
0.53577536
0.53479856
0.53357756
0.53211236
0.53040296
0.52844936
0.52673995
0.52478635
0.52258855
0.52063495
0.51819295
0.51599514
0.51306474
0.51086694
0.50818074
0.50525033
0.50256413
0.49963373
0.49719173
0.49426132
0.49108672
0.48815632
0.48498172
0.4815629
0.4781441
0.4752137
0.4717949
0.4683761
0.4652015
0.4617827
0.4583639
0.4551893
0.45201468
0.44884008
0.44590968
0.44297928
0.44004887
0.43711847
0.43467647
0.43223447
0.43028086
0.42783886
0.42588526
0.42442006
0.42295486
# Frame_Number = 902
1.0
1.0
1.0
1.0
1.0
1.0
0.99975586
1.0
1.0
1.0
1.0
1.0
1.0
1.0
1.0
1.0
1.0
1.0
1.0
1.0
1.0
1.0
1.0
1.0
1.0
1.0
1.0
1.0
1.0
1.0
1.0
1.0
1.0
0.99780226
0.930403
0.8256411
0.73894995
0.6781441
0.62466425
0.568254
0.51355314
0.4622711
0.41636145
0.3763126
0.33919415
0.30451772
0.2722833
0.24444446
0.22173384
0.20000002
0.18192919
0.16898657
0.15897436
0.14993896
0.14285715
0.13968255
0.13943835
0.14236875
0.14578755
0.14749695
0.15115996
0.16117217
0.17142858
0.18144079
0.19291821
0.20586082
0.21929184
0.23394385
0.24786326
0.26129428
0.2754579
0.2903541
0.30647132
0.32454214
0.34236875
0.35873017
0.3753358
0.39145303
0.40586084
0.42051286
0.43809527
0.4532357
0.4669109
0.4805861
0.49450552
0.50964594
0.52307695
0.53577536
0.5482296
0.560928
0.5724054
0.5848596
0.5985348
0.60952383
0.61953604
0.62930405
0.63833946
0.64639807
0.6564103
0.6666667
0.6761905
0.6852259
0.6935287
0.7018315
0.7106227
0.71770453
0.72405374
0.73235655
0.74114776
0.74920636
0.75702083
0.76459104
0.76874244
0.77313805
0.77875465
0.78705746
0.79706967
0.8039073
0.8100123
0.8156289
0.8185593
0.8244201
0.8324787
0.8366301
0.8393163
0.8424909
0.8461539
0.8498169
2.4420026E-4
2.4420026E-4
2.4420026E-4
0.0
2.4420026E-4
0.031990234
0.16141637
0.30378512
0.41660565
0.50793654
0.5990232
0.6945055
0.79145306
0.88791215
0.97851044
0.99877906
0.99975586
1.0
0.99975586
1.0
1.0
1.0
1.0
1.0
1.0
1.0
1.0
1.0
1.0
1.0
1.0
1.0
1.0
1.0
1.0
1.0
1.0
1.0
1.0
1.0
1.0
1.0
1.0
1.0
1.0
1.0
1.0
1.0
1.0
1.0
1.0
1.0
1.0
1.0
1.0
1.0
1.0
1.0
1.0
1.0
1.0
1.0
1.0
1.0
1.0
1.0
1.0
1.0
1.0
1.0
1.0
1.0
1.0
1.0
1.0
1.0
1.0
1.0
0.99413925
0.9650794
0.9343102
0.9115996
0.89450556
0.87985355
0.86446893
0.8495727
0.8339439
0.8163615
0.8029305
0.79316247
0.78290606
0.77118444
0.75921863
0.74896216
0.73968256
0.72991455
0.72234434
0.71379733
0.7023199
0.6937729
0.6876679
0.6827839
0.6774115
0.6693529
0.6627595
0.6564103
0.6498169
0.64200246
0.63492066
0.63174605
0.62783885
0.62319905
0.61880344
0.61562884
0.61001223
0.6043956
0.6019536
0.6021978
0.601221
0.5992674
0.5973138
0.5990232
0.6002442
0.6009768
0.6041514
0.60708183
0.60781443
0.60952383
0.31770453
0.31623933
0.31501833
0.31379732
0.31306472
0.31233212
0.31159952
0.31135532
0.31159952
0.31184372
0.31233212
0.31306472
0.31404153
0.31501833
0.31623933
0.31770453
0.31941393
0.32136753
0.32307693
0.32503054
0.32722834
0.32942614
0.33162394
0.33406594
0.33626375
0.33894995
0.34114775
0.34334555
0.34627596
0.34896216
0.35164836
0.35360196
0.35604396
0.35848597
0.36068377
0.36288157
0.36483517
0.36703297
0.36923078
0.37118438
0.37313798
0.37460318
0.3765568
0.37802202
0.37948722
0.38095242
0.38217342
0.38363862
0.38461542
0.38559222
0.38632482
0.38705742
0.38779002
0.38876683
0.38901103
0.38949943
0.38974363
0.38974363
0.39047623
0.39072043
0.39023203
0.39023203
0.39023203
0.38998783
0.38998783
0.38998783
0.38974363
0.38925523
0.38925523
0.38901103
0.38852262
0.38827842
0.38779002
0.38730162
0.38681322
0.38632482
0.38583642
0.38534802
0.38485962
0.38437122
0.38412702
0.38339442
0.38315022
0.38241762
0.38192922
0.38144082
0.38095242
0.38046402
0.37997562
0.37948722
0.37899882
0.37826622
0.3777778
0.3772894
0.3765568
0.3763126
0.3760684
0.3753358
0.37460318
0.37435898
0.37362638
0.37338218
0.37289378
0.37216118
0.37167278
0.37142858
0.37069598
0.37020758
0.36971918
0.36923078
0.36849818
0.36825398
0.36776558
0.36727718
0.36654457
0.36581197
0.36556777
0.36507937
0.36434677
0.36410257
0.36336997
0.36288157
0.36239317
0.36190477
0.36141637
0.36092797
0.36043957
0.36019537
0.5589744
0.556044
0.5526252
0.5492064
0.5455434
0.54236877
0.53870577
0.53504276
0.53137976
0.52747256
0.52380955
0.51990235
0.51623935
0.51257634
0.50891334
0.50525033
0.50158733
0.49841273
0.49474972
0.49108672
0.48815632
0.48522592
0.4820513
0.4798535
0.4771673
0.4744811
0.4722833
0.4700855
0.4683761
0.4664225
0.4647131
0.4632479
0.4620269
0.4610501
0.4600733
0.4593407
0.4586081
0.4583639
0.4578755
0.4576313
0.4576313
0.4573871
0.4576313
0.4578755
0.4581197
0.4588523
0.4595849
0.4600733
0.4605617
0.4612943
0.4620269
0.4630037
0.4639805
0.4649573
0.4659341
0.4666667
0.4676435
0.4688645
0.4698413
0.4708181
0.4717949
0.4727717
0.4735043
0.4744811
0.4752137
0.4759463
0.4766789
0.4774115
0.4781441
0.4788767
0.4793651
0.4800977
0.4808303
0.4813187
0.4818071
0.4822955
0.4830281
0.4830281
0.4835165
0.4837607
0.48424911
0.48424911
0.48449332
0.48498172
0.48498172
0.48547012
0.48547012
0.48571432
0.48571432
0.48595852
0.48644692
0.48644692
0.48644692
0.48669112
0.48669112
0.48669112
0.48717952
0.48693532
0.48717952
0.48717952
0.48717952
0.48742372
0.48742372
0.48742372
0.48742372
0.48791212
0.48791212
0.48791212
0.48815632
0.48791212
0.48815632
0.48791212
0.48815632
0.48815632
0.48815632
0.48791212
0.48815632
0.48791212
0.48791212
0.48791212
0.48766792
0.48766792
0.48742372
0.48717952
0.48717952
0.48717952
0.48669112
0.48644692
# Frame_Number = 903
0.13748474
0.14358975
0.14798535
0.15262516
0.15799756
0.16532357
0.17094018
0.17435898
0.17606838
0.17802198
0.18290599
0.18901101
0.19438341
0.20000002
0.20390722
0.20830283
0.21318683
0.21904764
0.22466424
0.22954825
0.23321125
0.23785105
0.24346766
0.24859586
0.25274727
0.25518927
0.25860807
0.26520148
0.2730159
0.2771673
0.2813187
0.2864469
0.2903541
0.2949939
0.3020757
0.30915752
0.31477413
0.31868133
0.32063493
0.32332113
0.32673994
0.32942614
0.33333334
0.34065935
0.34798536
0.35238096
0.35457876
0.35750917
0.36214897
0.36630037
0.36752138
0.37142858
0.37558
0.37948722
0.38241762
0.38437122
0.38754582
0.39267403
0.39511603
0.39658123
0.39926744
0.40366304
0.40854704
0.41221005
0.41562885
0.41733825
0.41855925
0.42075706
0.42319906
0.42564106
0.42954826
0.43418807
0.43663007
0.43882787
0.43956047
0.44346768
0.44688648
0.44786328
0.44932848
0.4525031
0.4547009
0.4542125
0.4539683
0.4556777
0.4593407
0.4617827
0.4617827
0.4625153
0.4661783
0.4695971
0.4688645
0.4688645
0.4688645
0.4698413
0.4727717
0.4744811
0.4749695
0.4744811
0.4766789
0.4803419
0.4820513
0.4788767
0.4757021
0.4744811
0.4722833
0.4698413
0.4698413
0.4708181
0.4717949
0.4695971
0.4647131
0.4615385
0.4598291
0.4568987
0.4534799
0.45006108
0.44395608
0.43956047
0.43663007
0.43174607
0.42466426
0.41904765
0.41318685
0.40757024
0.40268624
0.39682543
0.39047623
0.38779002
1.0
1.0
1.0
1.0
1.0
1.0
1.0
0.99951166
0.9433456
0.8434677
0.75995123
0.7032967
0.6590965
0.61660564
0.5711844
0.52551895
0.48449332
0.44713068
0.41196585
0.38070822
0.35213676
0.32625154
0.3006105
0.2757021
0.25396827
0.23711845
0.22319904
0.20854703
0.19389501
0.18095239
0.17338218
0.16800977
0.16336997
0.15628816
0.14945056
0.14456655
0.14212455
0.14017095
0.13797314
0.13724054
0.14065935
0.14652015
0.14798535
0.14920636
0.15042736
0.15164836
0.15628816
0.16117217
0.16556777
0.17362638
0.18339439
0.19072041
0.19487181
0.19853482
0.20561662
0.21440783
0.22393164
0.23052505
0.23663005
0.24444446
0.25177047
0.25787547
0.26422468
0.2727717
0.2813187
0.2891331
0.2935287
0.3001221
0.30769232
0.31306472
0.31916973
0.32698414
0.33431014
0.34114775
0.34700856
0.35067156
0.35579976
0.36239317
0.36923078
0.37460318
0.37924302
0.38485962
0.39462763
0.40366304
0.40952384
0.41489625
0.42002445
0.42564106
0.43199027
0.43858367
0.44517708
0.4537241
0.4620269
0.4700855
0.4808303
0.49133092
0.49841273
0.50549453
0.51648355
0.52527475
0.53089136
0.53601956
0.54236877
0.5489622
0.5582418
0.5689866
0.5775336
0.5851038
0.591453
0.5980464
0.60732603
0.61538464
0.62100124
0.62686205
0.63272285
0.63980466
0.64859587
0.6568987
0.6622711
0.6666667
0.6700855
0.6759463
0.6813187
0.6852259
0.6898657
0.6947497
0.6986569
0.7018315
0.39242983
0.39267403
0.39291823
0.39316243
0.39291823
0.39316243
0.39316243
0.39365083
0.39389503
0.39389503
0.39413923
0.39413923
0.39413923
0.39438343
0.39462763
0.39462763
0.39462763
0.39487183
0.39487183
0.39487183
0.39487183
0.39511603
0.39511603
0.39536023
0.39536023
0.39560443
0.39536023
0.39560443
0.39560443
0.39560443
0.39560443
0.39560443
0.39560443
0.39560443
0.39536023
0.39560443
0.39536023
0.39560443
0.39560443
0.39560443
0.39584863
0.39584863
0.39560443
0.39560443
0.39536023
0.39536023
0.39560443
0.39560443
0.39536023
0.39560443
0.39560443
0.39560443
0.39560443
0.39536023
0.39560443
0.39560443
0.39536023
0.39536023
0.39560443
0.39560443
0.39560443
0.39536023
0.39536023
0.39511603
0.39536023
0.39536023
0.39536023
0.39536023
0.39511603
0.39511603
0.39511603
0.39511603
0.39511603
0.39511603
0.39487183
0.39462763
0.39511603
0.39487183
0.39487183
0.39487183
0.39511603
0.39487183
0.39511603
0.39462763
0.39487183
0.39487183
0.39462763
0.39487183
0.39438343
0.39462763
0.39462763
0.39462763
0.39462763
0.39462763
0.39462763
0.39462763
0.39462763
0.39462763
0.39438343
0.39438343
0.39462763
0.39462763
0.39462763
0.39487183
0.39487183
0.39487183
0.39511603
0.39487183
0.39487183
0.39511603
0.39511603
0.39560443
0.39560443
0.39584863
0.39609283
0.39609283
0.39633703
0.39658123
0.39658123
0.39706963
0.39731383
0.39755803
0.39780223
0.39804643
0.39853483
0.39902323
0.39877903
0.39951164
0.43174607
0.43467647
0.43760687
0.44029307
0.44273508
0.44517708
0.44737488
0.44957268
0.45152628
0.4534799
0.4551893
0.4566545
0.4583639
0.4600733
0.4615385
0.4630037
0.4644689
0.4654457
0.4669109
0.4681319
0.4693529
0.4703297
0.4715507
0.4722833
0.4730159
0.4739927
0.4747253
0.4757021
0.4761905
0.4766789
0.4771673
0.4778999
0.4783883
0.4788767
0.4793651
0.4798535
0.4800977
0.4805861
0.4808303
0.4810745
0.4815629
0.4815629
0.4820513
0.4820513
0.4820513
0.4825397
0.4827839
0.4827839
0.4825397
0.4825397
0.4827839
0.4830281
0.4830281
0.4830281
0.4827839
0.4830281
0.4830281
0.4827839
0.4830281
0.4827839
0.4830281
0.4827839
0.4827839
0.4825397
0.4827839
0.4825397
0.4825397
0.4825397
0.4825397
0.4822955
0.4822955
0.4822955
0.4820513
0.4820513
0.4820513
0.4818071
0.4818071
0.4818071
0.4818071
0.4815629
0.4813187
0.4810745
0.4810745
0.4808303
0.4808303
0.4805861
0.4805861
0.4803419
0.4800977
0.4798535
0.4796093
0.4793651
0.4788767
0.4786325
0.4783883
0.4781441
0.4776557
0.4774115
0.4771673
0.4769231
0.4766789
0.4761905
0.4759463
0.4754579
0.4752137
0.4747253
0.4744811
0.4742369
0.4735043
0.4732601
0.4730159
0.4725275
0.4722833
0.4717949
0.4713065
0.4708181
0.4705739
0.4700855
0.4698413
0.4693529
0.4693529
0.4688645
0.4683761
0.4681319
0.4676435
0.4673993
0.4669109
0.4669109
# Frame_Number = 904
2.4420026E-4
0.003907204
0.05738706
0.12747253
0.18290599
0.22222224
0.25396827
0.2881563
0.32576314
0.35970697
0.38974363
0.41733825
0.44468868
0.4739927
0.50158733
0.52307695
0.5435898
0.5631258
0.582906
0.602442
0.61855924
0.63247865
0.64664227
0.6590965
0.6710623
0.6815629
0.6920635
0.7010989
0.7076923
0.71306473
0.71843714
0.72478634
0.72991455
0.73382175
0.73455435
0.73431015
0.73455435
0.73479855
0.73406595
0.73357755
0.73357755
0.73211235
0.73137975
0.73137975
0.72918195
0.72747254
0.72698414
0.72625154
0.72307694
0.72014654
0.71819293
0.71599513
0.7125763
0.7096459
0.7086691
0.7079365
0.7054945
0.7023199
0.6993895
0.6962149
0.6940171
0.6915751
0.6898657
0.6866911
0.6840049
0.6815629
0.6791209
0.6776557
0.6764347
0.6713065
0.6661783
0.6620269
0.6566545
0.6517705
0.64908427
0.64566547
0.64175826
0.63736266
0.63247865
0.62808305
0.62319905
0.61684984
0.61098903
0.6058608
0.5995116
0.5921856
0.5855922
0.5794872
0.5721612
0.5636142
0.5543346
0.546276
0.53870577
0.52991456
0.52039075
0.51013434
0.50109893
0.49499393
0.48791212
0.4791209
0.4693529
0.4581197
0.44639808
0.43736267
0.42905986
0.41953605
0.41221005
0.40439564
0.39584863
0.38803422
0.38217342
0.37851042
0.37289378
0.36630037
0.35921857
0.35433456
0.34945056
0.34310135
0.33992675
0.33821735
0.33601955
0.33406594
0.33406594
0.33333334
0.33382174
0.33626375
0.33724055
0.33943835
0.42490846
0.44004887
0.4551893
0.4686203
0.4835165
0.49816853
0.50989014
0.52136755
0.53406596
0.5443224
0.5518926
0.5606838
0.569475
0.576801
0.5860806
0.5968254
0.60634923
0.61416364
0.61929184
0.62393165
0.63101345
0.63882786
0.64566547
0.6527473
0.6566545
0.6573871
0.6605617
0.6673993
0.6742369
0.6783883
0.6788767
0.6778999
0.6783883
0.6810745
0.6805861
0.6783883
0.6761905
0.6747253
0.6717949
0.6666667
0.6612943
0.6564103
0.6505495
0.64297926
0.63540906
0.62735045
0.61904764
0.60952383
0.6007326
0.5919414
0.5809524
0.5697192
0.5582418
0.5489622
0.53870577
0.52698416
0.51404154
0.50085473
0.48669112
0.4735043
0.4634921
0.45177048
0.43638587
0.42246646
0.41001225
0.40048844
0.39194143
0.37973142
0.36532357
0.35213676
0.34285715
0.33333334
0.32356533
0.31282052
0.30329672
0.2945055
0.2852259
0.2761905
0.26837608
0.26007327
0.25177047
0.24249086
0.23492065
0.22905985
0.22393164
0.21782663
0.21343103
0.20903543
0.20268622
0.20024422
0.20122102
0.20195362
0.19951162
0.19706962
0.19682541
0.19951162
0.20415142
0.20708182
0.21098903
0.21709403
0.22417584
0.23101345
0.23956046
0.24981686
0.25982907
0.27057388
0.2815629
0.2942613
0.30671552
0.32014653
0.33846155
0.35921857
0.37826622
0.39560443
0.41123325
0.42442006
0.43980467
0.4598291
0.4818071
0.50573874
0.52796096
0.5479854
0.5689866
0.589011
0.60976803
0.63101345
0.6510379
0.6683761
0.43321127
0.43174607
0.43028086
0.42881566
0.42783886
0.42661786
0.42539686
0.42417586
0.42319906
0.42197806
0.42100126
0.42002445
0.41904765
0.41807085
0.41733825
0.41636145
0.41562885
0.41489625
0.41391945
0.41318685
0.41269845
0.41172165
0.41123325
0.41074485
0.40976804
0.40927964
0.40879124
0.40854704
0.40805864
0.40732604
0.40732604
0.40683764
0.40634924
0.40634924
0.40586084
0.40561664
0.40537244
0.40512824
0.40488404
0.40463984
0.40463984
0.40439564
0.40415144
0.40390724
0.40390724
0.40366304
0.40341884
0.40341884
0.40317464
0.40293044
0.40317464
0.40293044
0.40293044
0.40244204
0.40244204
0.40219784
0.40244204
0.40195364
0.40195364
0.40195364
0.40195364
0.40170944
0.40195364
0.40170944
0.40146524
0.40146524
0.40146524
0.40122104
0.40146524
0.40146524
0.40122104
0.40146524
0.40122104
0.40122104
0.40122104
0.40122104
0.40122104
0.40122104
0.40146524
0.40146524
0.40146524
0.40170944
0.40170944
0.40195364
0.40195364
0.40219784
0.40219784
0.40244204
0.40268624
0.40293044
0.40317464
0.40366304
0.40366304
0.40415144
0.40463984
0.40488404
0.40512824
0.40537244
0.40561664
0.40610504
0.40634924
0.40708184
0.40732604
0.40781444
0.40830284
0.40854704
0.40879124
0.40952384
0.40976804
0.41025645
0.41025645
0.41074485
0.41098905
0.41147745
0.41172165
0.41196585
0.41245425
0.41269845
0.41294265
0.41318685
0.41318685
0.41343105
0.41367525
0.41391945
0.41391945
0.41440785
0.41416365
0.41440785
0.48840052
0.48791212
0.48742372
0.48693532
0.48669112
0.48595852
0.48547012
0.48498172
0.48473752
0.48424911
0.4837607
0.4835165
0.4830281
0.4825397
0.4820513
0.4818071
0.4815629
0.4810745
0.4805861
0.4803419
0.4798535
0.4796093
0.4791209
0.4791209
0.4786325
0.4781441
0.4776557
0.4776557
0.4774115
0.4769231
0.4769231
0.4766789
0.4766789
0.4761905
0.4761905
0.4761905
0.4761905
0.4761905
0.4761905
0.4759463
0.4761905
0.4764347
0.4766789
0.4766789
0.4766789
0.4771673
0.4771673
0.4774115
0.4778999
0.4781441
0.4783883
0.4786325
0.4791209
0.4793651
0.4798535
0.4800977
0.4810745
0.4815629
0.4818071
0.4822955
0.4830281
0.4832723
0.4840049
0.48449332
0.48498172
0.48547012
0.48595852
0.48669112
0.48717952
0.48766792
0.48840052
0.48888892
0.48937732
0.48986572
0.49035412
0.49108672
0.49133092
0.49230772
0.49255192
0.49304032
0.49377292
0.49426132
0.49474972
0.49523813
0.49548233
0.49597073
0.49670333
0.49694753
0.49719173
0.49768013
0.49792433
0.49841273
0.49841273
0.49890113
0.49890113
0.49914533
0.49938953
0.49938953
0.49938953
0.49938953
0.49938953
0.49914533
0.49914533
0.49914533
0.49890113
0.49865693
0.49841273
0.49816853
0.49768013
0.49694753
0.49670333
0.49597073
0.49548233
0.49499393
0.49450552
0.49377292
0.49304032
0.49230772
0.49133092
0.49059832
0.48986572
0.48888892
0.48815632
0.48717952
0.48644692
0.48571432
0.48473752
0.4837607
# Frame_Number = 905
2.4420026E-4
2.4420026E-4
2.4420026E-4
2.4420026E-4
2.4420026E-4
2.4420026E-4
2.4420026E-4
2.4420026E-4
2.4420026E-4
2.4420026E-4
2.4420026E-4
2.4420026E-4
2.4420026E-4
2.4420026E-4
2.4420026E-4
2.4420026E-4
2.4420026E-4
2.4420026E-4
2.4420026E-4
2.4420026E-4
2.4420026E-4
2.4420026E-4
2.4420026E-4
0.0
2.4420026E-4
2.4420026E-4
2.4420026E-4
2.4420026E-4
2.4420026E-4
2.4420026E-4
2.4420026E-4
2.4420026E-4
0.001953602
0.03736264
0.08766789
0.12942614
0.16361417
0.19780222
0.23052505
0.26373628
0.3013431
0.34114775
0.37997562
0.41904765
0.4571429
0.49279612
0.52942616
0.5684982
0.60659343
0.64297926
0.6774115
0.71330893
0.752381
0.78974366
0.8241759
0.8588523
0.89401716
0.9286936
0.9641026
0.99536026
0.99975586
0.99975586
0.99975586
1.0
1.0
1.0
1.0
0.99975586
1.0
0.99975586
0.99975586
1.0
1.0
1.0
1.0
1.0
1.0
1.0
1.0
1.0
1.0
1.0
1.0
1.0
0.99975586
1.0
1.0
1.0
0.99975586
1.0
1.0
1.0
1.0
1.0
1.0
1.0
0.99975586
0.99975586
0.99975586
1.0
0.99975586
0.99975586
0.99975586
0.99975586
1.0
1.0
1.0
1.0
0.99975586
1.0
1.0
1.0
1.0
0.99975586
1.0
1.0
1.0
1.0
1.0
1.0
1.0
1.0
1.0
1.0
1.0
1.0
1.0
1.0
0.51477414
0.5846154
0.6564103
0.72283274
0.78070825
0.8339439
0.88620275
0.9369964
0.98412704
0.99902326
0.99975586
0.99975586
0.99975586
1.0
1.0
1.0
1.0
1.0
1.0
1.0
1.0
1.0
1.0
1.0
1.0
1.0
1.0
1.0
1.0
1.0
1.0
1.0
1.0
1.0
1.0
1.0
1.0
1.0
1.0
1.0
1.0
1.0
1.0
1.0
1.0
1.0
1.0
1.0
1.0
1.0
1.0
1.0
1.0
1.0
1.0
1.0
1.0
1.0
1.0
1.0
1.0
1.0
1.0
1.0
1.0
0.99682546
0.9631258
0.9208792
0.88595855
0.8588523
0.8336997
0.8080587
0.78021985
0.7521368
0.72722834
0.7020757
0.6776557
0.6534799
0.62954825
0.6043956
0.5782662
0.5545788
0.53284496
0.50818074
0.4840049
0.4595849
0.43418807
0.40927964
0.38485962
0.36141637
0.33772895
0.31428573
0.2903541
0.26568988
0.24371186
0.22148964
0.19780222
0.17557998
0.15262516
0.12722833
0.10329671
0.082051285
0.060805865
0.03833944
0.016605617
0.0014652016
2.4420026E-4
2.4420026E-4
2.4420026E-4
2.4420026E-4
0.0
2.4420026E-4
0.0
2.4420026E-4
0.0
2.4420026E-4
2.4420026E-4
0.0
0.0
0.0
0.0
2.4420026E-4
0.0
2.4420026E-4
0.0
0.0
0.0
2.4420026E-4
0.41880345
0.42051286
0.42197806
0.42344326
0.42466426
0.42612946
0.42686206
0.42808306
0.42930406
0.43028086
0.43101346
0.43174607
0.43223447
0.43272287
0.43369967
0.43394387
0.43418807
0.43467647
0.43492067
0.43492067
0.43492067
0.43492067
0.43467647
0.43467647
0.43443227
0.43418807
0.43394387
0.43345547
0.43272287
0.43247867
0.43174607
0.43101346
0.43028086
0.42930406
0.42857146
0.42783886
0.42661786
0.42539686
0.42466426
0.42344326
0.42222226
0.42075706
0.41953605
0.41831505
0.41684985
0.41562885
0.41391945
0.41269845
0.41098905
0.40952384
0.40830284
0.40634924
0.40488404
0.40341884
0.40170944
0.40000004
0.39853483
0.39682543
0.39511603
0.39316243
0.39169723
0.38998783
0.38852262
0.38656902
0.38510382
0.38363862
0.38168502
0.37997562
0.37851042
0.376801
0.3750916
0.37362638
0.37216118
0.37094018
0.36923078
0.36776558
0.36630037
0.36507937
0.36361417
0.36239317
0.36117217
0.35995117
0.35873017
0.35775337
0.35653237
0.35555556
0.35482296
0.35360196
0.35311356
0.35189256
0.35091576
0.34993896
0.34920636
0.34847376
0.34749696
0.34700856
0.34627596
0.34529915
0.34456655
0.34383395
0.34310135
0.34236875
0.34188035
0.34139195
0.34090355
0.34041515
0.33968255
0.33919415
0.33870575
0.33797315
0.33748475
0.33699635
0.33675215
0.33650795
0.33626375
0.33601955
0.33553115
0.33504274
0.33504274
0.33504274
0.33479854
0.33455434
0.33455434
0.33455434
0.33455434
0.33455434
0.33455434
0.33479854
0.50256413
0.49963373
0.49743593
0.49499393
0.49279612
0.49035412
0.48815632
0.48620272
0.4837607
0.4820513
0.4796093
0.4778999
0.4759463
0.4742369
0.4727717
0.4710623
0.4695971
0.4681319
0.4666667
0.4652015
0.4639805
0.4625153
0.4612943
0.4603175
0.4593407
0.4581197
0.4571429
0.4564103
0.4554335
0.4544567
0.4542125
0.4532357
0.4527473
0.45225888
0.45177048
0.45152628
0.45128208
0.45079368
0.45079368
0.45030528
0.45030528
0.45030528
0.45030528
0.45030528
0.45030528
0.45079368
0.45079368
0.45103788
0.45128208
0.45177048
0.45201468
0.45225888
0.4527473
0.4534799
0.4539683
0.4544567
0.4549451
0.4554335
0.4559219
0.4566545
0.4571429
0.4578755
0.4583639
0.4588523
0.4595849
0.4600733
0.4610501
0.4615385
0.4620269
0.4627595
0.4634921
0.4642247
0.4649573
0.4656899
0.4664225
0.4671551
0.4678877
0.4688645
0.4695971
0.4705739
0.4713065
0.4722833
0.4727717
0.4739927
0.4749695
0.4759463
0.4769231
0.4778999
0.4788767
0.4798535
0.4810745
0.4820513
0.4830281
0.4840049
0.48547012
0.48644692
0.48766792
0.48888892
0.49010992
0.49133092
0.49279612
0.49401712
0.49523813
0.49621493
0.49768013
0.49890113
0.50036633
0.50158733
0.50305253
0.50427353
0.50573874
0.50671554
0.50818074
0.50915754
0.51037854
0.51135534
0.51257634
0.51379734
0.51477414
0.51575094
0.51648355
0.51746035
0.51819295
0.51892555
0.51990235
0.52039075
0.52112335
0.52136755
