IFRT
### Header must not be changed. Following Enum definitions used for parameters.
## Modulation_Type_Enum_Def = {DOPPLER = 0, FMCW = 1}
## Data_Format_Enum_Def = {DATA_REAL = 0, DATA_COMPLEX = 1, DATA_COMPLEX_INTERLEAVED = 2}
## Chirp_Shape_Enum_Def = {UP_CHIRP = 0, DOWN_CHIRP = 1, UP_DOWN_CHIRP = 2, DOWN_UP_CHIRP = 3}
## ADC_Samples_Normalized = [0 , 1.0]
## ADC_Samples_NonNormalized = [0, 2^ADC_Res_Bits - 1]
# Version = 1.0
# Num_Tx_Antennas = 1
# Num_Rx_Antennas = 2
# Mask_Tx_Antennas = 1
# Mask_Rx_Antennas = 3
# Are_Rx_Antennas_Interleaved = 0
# Modulation_Type_Enum = 0
# Chirp_Shape_Enum = 0
# Lower_RF_Frequency_kHz = 24050000
# Upper_RF_Frequency_kHz = 24250000
# Sampling_Frequency_kHz = 2
# ADC_Resolution_Bits = 12
# Are_ADC_Samples_Normalized = 1
# Data_Format_Enum = 1
# Chirps_per_Frame = 1
# Samples_per_Chirp = 128
# Samples_per_Frame = 512
# Chirp_Time_sec = 0
# Pulse_Repetition_Time_sec = 0
# Frame_Period_sec = 0.149993

# Frame_Number = 3695
0.51697195
0.51819295
0.51916975
0.51892555
0.51965815
0.52063495
0.51892555
0.51697195
0.51501834
0.51330894
0.51184374
0.50989014
0.50720394
0.50549453
0.50354093
0.49938953
0.49670333
0.49352872
0.48986572
0.48840052
0.48473752
0.4813187
0.4788767
0.4771673
0.4759463
0.4744811
0.4737485
0.4722833
0.4693529
0.4715507
0.4747253
0.4771673
0.4774115
0.4778999
0.4793651
0.4793651
0.4798535
0.4803419
0.4825397
0.48424911
0.48595852
0.48766792
0.48986572
0.49181932
0.49352872
0.49499393
0.49572653
0.49328452
0.49133092
0.48986572
0.48864472
0.48644692
0.4815629
0.4769231
0.4761905
0.4754579
0.4727717
0.4681319
0.4617827
0.4566545
0.4544567
0.45128208
0.44737488
0.44590968
0.44639808
0.44639808
0.44395608
0.44200248
0.44175828
0.44639808
0.45006108
0.44859588
0.44835168
0.44981688
0.4537241
0.4603175
0.4664225
0.4713065
0.4781441
0.48547012
0.49181932
0.49914533
0.50476193
0.50915754
0.51379734
0.51697195
0.51892555
0.52014655
0.52307695
0.52454215
0.52478635
0.52234435
0.51794875
0.51282054
0.50891334
0.50549453
0.50012213
0.49328452
0.48571432
0.4793651
0.4742369
0.4695971
0.4681319
0.4686203
0.4700855
0.4722833
0.4752137
0.4764347
0.4808303
0.48864472
0.49890113
0.50744814
0.51575094
0.52649575
0.53894997
0.5506716
0.562149
0.5728938
0.5824176
0.5909646
0.5973138
0.6
0.6019536
0.6051282
0.60634923
0.6029304
0.5973138
0.5887668
0.4769231
0.4759463
0.4739927
0.4715507
0.4688645
0.4671551
0.4666667
0.4669109
0.4669109
0.4669109
0.4642247
0.4600733
0.4571429
0.4583639
0.4617827
0.4644689
0.4652015
0.4654457
0.4669109
0.4683761
0.4686203
0.4703297
0.4739927
0.4769231
0.4771673
0.4778999
0.4793651
0.4818071
0.48522592
0.48913312
0.49035412
0.49206352
0.49450552
0.49694753
0.49890113
0.49938953
0.50183153
0.50378513
0.50256413
0.50012213
0.49768013
0.49645913
0.49523813
0.49279612
0.48888892
0.48498172
0.4830281
0.4825397
0.4818071
0.4805861
0.4791209
0.4786325
0.4783883
0.4800977
0.4803419
0.4788767
0.4776557
0.4783883
0.4820513
0.48571432
0.48937732
0.49474972
0.49914533
0.50500613
0.51013434
0.51404154
0.51916975
0.52625155
0.53431016
0.54188037
0.5477412
0.5531136
0.5587302
0.5650794
0.5711844
0.5772894
0.5807082
0.5824176
0.5807082
0.576801
0.574359
0.573138
0.5721612
0.5704518
0.5660562
0.5611722
0.5555556
0.5492064
0.5433456
0.53748477
0.53137976
0.52527475
0.51916975
0.51501834
0.51282054
0.51233214
0.51111114
0.50989014
0.51013434
0.51257634
0.51843715
0.52527475
0.53089136
0.53650796
0.5445666
0.5567766
0.5687424
0.5777778
0.5851038
0.5899878
0.5941392
0.5997558
0.6058608
0.60927963
0.60830283
0.603663
0.5973138
0.5887668
0.5794872
0.5692308
0.5565324
0.5440782
0.53113556
0.51623935
0.50158733
0.48742372
0.4737485
0.4586081
0.38949943
0.38949943
0.38949943
0.38949943
0.38949943
0.38949943
0.38949943
0.38949943
0.38949943
0.38949943
0.38925523
0.38974363
0.38974363
0.38974363
0.38998783
0.38998783
0.39023203
0.39023203
0.39023203
0.39072043
0.39072043
0.39072043
0.39096463
0.39120883
0.39096463
0.39120883
0.39120883
0.39120883
0.39120883
0.39120883
0.39145303
0.39145303
0.39120883
0.39120883
0.39120883
0.39120883
0.39120883
0.39120883
0.39096463
0.39120883
0.39120883
0.39096463
0.39072043
0.39072043
0.39072043
0.39072043
0.39096463
0.39096463
0.39096463
0.39120883
0.39120883
0.39120883
0.39145303
0.39145303
0.39169723
0.39169723
0.39194143
0.39218563
0.39242983
0.39242983
0.39267403
0.39316243
0.39316243
0.39316243
0.39316243
0.39340663
0.39340663
0.39340663
0.39316243
0.39316243
0.39340663
0.39340663
0.39340663
0.39340663
0.39316243
0.39316243
0.39291823
0.39267403
0.39242983
0.39242983
0.39194143
0.39169723
0.39169723
0.39120883
0.39145303
0.39120883
0.39120883
0.39072043
0.39072043
0.39072043
0.39072043
0.39120883
0.39120883
0.39145303
0.39145303
0.39169723
0.39169723
0.39194143
0.39218563
0.39242983
0.39267403
0.39291823
0.39267403
0.39267403
0.39291823
0.39267403
0.39291823
0.39267403
0.39267403
0.39194143
0.39194143
0.39145303
0.39096463
0.39047623
0.38998783
0.38949943
0.38901103
0.38852262
0.38827842
0.38779002
0.38779002
0.38754582
0.38730162
0.38705742
0.38705742
0.38730162
0.38730162
0.38730162
0.4781441
0.4781441
0.4781441
0.4783883
0.4783883
0.4786325
0.4786325
0.4786325
0.4786325
0.4786325
0.4788767
0.4791209
0.4788767
0.4788767
0.4791209
0.4788767
0.4788767
0.4788767
0.4791209
0.4788767
0.4788767
0.4786325
0.4788767
0.4788767
0.4786325
0.4786325
0.4786325
0.4781441
0.4783883
0.4781441
0.4781441
0.4781441
0.4781441
0.4781441
0.4778999
0.4778999
0.4778999
0.4778999
0.4778999
0.4781441
0.4781441
0.4781441
0.4783883
0.4786325
0.4786325
0.4786325
0.4786325
0.4788767
0.4788767
0.4788767
0.4788767
0.4788767
0.4788767
0.4788767
0.4788767
0.4791209
0.4788767
0.4786325
0.4786325
0.4783883
0.4783883
0.4781441
0.4778999
0.4778999
0.4776557
0.4771673
0.4769231
0.4766789
0.4764347
0.4761905
0.4761905
0.4757021
0.4752137
0.4749695
0.4747253
0.4747253
0.4747253
0.4747253
0.4744811
0.4747253
0.4747253
0.4744811
0.4747253
0.4747253
0.4749695
0.4752137
0.4752137
0.4754579
0.4754579
0.4757021
0.4759463
0.4761905
0.4764347
0.4761905
0.4761905
0.4761905
0.4761905
0.4761905
0.4759463
0.4757021
0.4754579
0.4752137
0.4749695
0.4744811
0.4739927
0.4737485
0.4732601
0.4730159
0.4727717
0.4725275
0.4720391
0.4717949
0.4715507
0.4717949
0.4717949
0.4717949
0.4722833
0.4722833
0.4730159
0.4732601
0.4739927
0.4742369
0.4747253
0.4752137
0.4757021
0.4764347
0.4769231
0.4774115
