IFRT
### Header must not be changed. Following Enum definitions used for parameters.
## Modulation_Type_Enum_Def = {DOPPLER = 0, FMCW = 1}
## Data_Format_Enum_Def = {DATA_REAL = 0, DATA_COMPLEX = 1, DATA_COMPLEX_INTERLEAVED = 2}
## Chirp_Shape_Enum_Def = {UP_CHIRP = 0, DOWN_CHIRP = 1, UP_DOWN_CHIRP = 2, DOWN_UP_CHIRP = 3}
## ADC_Samples_Normalized = [0 , 1.0]
## ADC_Samples_NonNormalized = [0, 2^ADC_Res_Bits - 1]
# Version = 1.0
# Num_Tx_Antennas = 1
# Num_Rx_Antennas = 2
# Mask_Tx_Antennas = 1
# Mask_Rx_Antennas = 3
# Are_Rx_Antennas_Interleaved = 0
# Modulation_Type_Enum = 0
# Chirp_Shape_Enum = 0
# Lower_RF_Frequency_kHz = 24050000
# Upper_RF_Frequency_kHz = 24250000
# Sampling_Frequency_kHz = 2
# ADC_Resolution_Bits = 12
# Are_ADC_Samples_Normalized = 1
# Data_Format_Enum = 1
# Chirps_per_Frame = 1
# Samples_per_Chirp = 128
# Samples_per_Frame = 512
# Chirp_Time_sec = 0
# Pulse_Repetition_Time_sec = 0
# Frame_Period_sec = 0.149993

# Frame_Number = 3725
0.49890113
0.49963373
0.49963373
0.50061053
0.50280833
0.50525033
0.50866914
0.50866914
0.50525033
0.50378513
0.50402933
0.50598294
0.50818074
0.50842494
0.50769234
0.50891334
0.51135534
0.51404154
0.51452994
0.51477414
0.51477414
0.51306474
0.51135534
0.51159954
0.51135534
0.51111114
0.51135534
0.51013434
0.50818074
0.50622714
0.50549453
0.50866914
0.51037854
0.51013434
0.51013434
0.51062274
0.51208794
0.51233214
0.51257634
0.51208794
0.51111114
0.51135534
0.51184374
0.51111114
0.51111114
0.51184374
0.51184374
0.51013434
0.50940174
0.50940174
0.50818074
0.50964594
0.51330894
0.51428574
0.51404154
0.51306474
0.51111114
0.50891334
0.50695974
0.50793654
0.50940174
0.50915754
0.50818074
0.50769234
0.50695974
0.50525033
0.50525033
0.50427353
0.50329673
0.50305253
0.50451773
0.50647134
0.50720394
0.50525033
0.50451773
0.50598294
0.50818074
0.50744814
0.50671554
0.50793654
0.50915754
0.50744814
0.50451773
0.50378513
0.50549453
0.50720394
0.50720394
0.50525033
0.50402933
0.50525033
0.50744814
0.50622714
0.50231993
0.50305253
0.50647134
0.50720394
0.50744814
0.50573874
0.50256413
0.50134313
0.50036633
0.49914533
0.50061053
0.50256413
0.50158733
0.49865693
0.49743593
0.50085473
0.50476193
0.50451773
0.50256413
0.50329673
0.50476193
0.50305253
0.50207573
0.50280833
0.50231993
0.50158733
0.50012213
0.49645913
0.49743593
0.50158733
0.50134313
0.49938953
0.50012213
0.50231993
0.50427353
0.50305253
0.51184374
0.51477414
0.51526254
0.51452994
0.51257634
0.51086694
0.51135534
0.51306474
0.51477414
0.51477414
0.51623935
0.51868135
0.51843715
0.51672775
0.51526254
0.51550674
0.51648355
0.51770455
0.51746035
0.51623935
0.51843715
0.51990235
0.51916975
0.51721615
0.51672775
0.51794875
0.51892555
0.52014655
0.51721615
0.51379734
0.51330894
0.51526254
0.51501834
0.51306474
0.51135534
0.51159954
0.51257634
0.51330894
0.51330894
0.51208794
0.51111114
0.51257634
0.51306474
0.51135534
0.50964594
0.50744814
0.50915754
0.51135534
0.51062274
0.50842494
0.50769234
0.50915754
0.50940174
0.50793654
0.50744814
0.50842494
0.50964594
0.51037854
0.50989014
0.51184374
0.51428574
0.51404154
0.51452994
0.51452994
0.51282054
0.51037854
0.50671554
0.50354093
0.50329673
0.50476193
0.50695974
0.50891334
0.50964594
0.50818074
0.50598294
0.50549453
0.50647134
0.50769234
0.50720394
0.50427353
0.50256413
0.50500613
0.50793654
0.50769234
0.50500613
0.50427353
0.50109893
0.49865693
0.49914533
0.50036633
0.50280833
0.50378513
0.50427353
0.50573874
0.50891334
0.51062274
0.50940174
0.50842494
0.50695974
0.50549453
0.50354093
0.50256413
0.50231993
0.50109893
0.49963373
0.49987793
0.50036633
0.50183153
0.50231993
0.50256413
0.50354093
0.50329673
0.50207573
0.50158733
0.50109893
0.50207573
0.50207573
0.50109893
0.50012213
0.50012213
0.50207573
0.50476193
0.50573874
0.50256413
0.49645913
0.49523813
0.49865693
0.50231993
0.39145303
0.39169723
0.39145303
0.39145303
0.39145303
0.39120883
0.39120883
0.39145303
0.39120883
0.39145303
0.39145303
0.39120883
0.39120883
0.39120883
0.39096463
0.39120883
0.39096463
0.39120883
0.39072043
0.39096463
0.39096463
0.39120883
0.39096463
0.39096463
0.39096463
0.39072043
0.39096463
0.39096463
0.39096463
0.39120883
0.39096463
0.39096463
0.39096463
0.39096463
0.39096463
0.39072043
0.39072043
0.39072043
0.39072043
0.39096463
0.39072043
0.39072043
0.39072043
0.39072043
0.39072043
0.39072043
0.39072043
0.39072043
0.39072043
0.39072043
0.39072043
0.39047623
0.39047623
0.39023203
0.39047623
0.39072043
0.39047623
0.39072043
0.39072043
0.39072043
0.39072043
0.39072043
0.39072043
0.39072043
0.39072043
0.39072043
0.39072043
0.39072043
0.39072043
0.39072043
0.39072043
0.39023203
0.39072043
0.39072043
0.39072043
0.39047623
0.39072043
0.39047623
0.39072043
0.39072043
0.39072043
0.39072043
0.39072043
0.39072043
0.39072043
0.39072043
0.39072043
0.39072043
0.39072043
0.39047623
0.39072043
0.39072043
0.39072043
0.39047623
0.39072043
0.39072043
0.39047623
0.39072043
0.39072043
0.39072043
0.39096463
0.39072043
0.39072043
0.39072043
0.39072043
0.39072043
0.39072043
0.39072043
0.39072043
0.39072043
0.39072043
0.39023203
0.39072043
0.39072043
0.39047623
0.39047623
0.39047623
0.39072043
0.39096463
0.39072043
0.39072043
0.39072043
0.39072043
0.39047623
0.39072043
0.39072043
0.39023203
0.39072043
0.4776557
0.4776557
0.4776557
0.4776557
0.4776557
0.4776557
0.4774115
0.4774115
0.4774115
0.4771673
0.4774115
0.4771673
0.4771673
0.4771673
0.4771673
0.4771673
0.4771673
0.4771673
0.4771673
0.4769231
0.4771673
0.4769231
0.4771673
0.4769231
0.4771673
0.4766789
0.4769231
0.4771673
0.4771673
0.4771673
0.4769231
0.4771673
0.4771673
0.4769231
0.4771673
0.4771673
0.4769231
0.4769231
0.4769231
0.4769231
0.4769231
0.4771673
0.4769231
0.4771673
0.4769231
0.4769231
0.4769231
0.4771673
0.4769231
0.4769231
0.4769231
0.4771673
0.4769231
0.4769231
0.4769231
0.4769231
0.4769231
0.4769231
0.4766789
0.4766789
0.4766789
0.4766789
0.4766789
0.4766789
0.4766789
0.4771673
0.4769231
0.4769231
0.4766789
0.4766789
0.4766789
0.4766789
0.4766789
0.4769231
0.4766789
0.4766789
0.4766789
0.4769231
0.4769231
0.4769231
0.4766789
0.4766789
0.4769231
0.4766789
0.4771673
0.4771673
0.4771673
0.4771673
0.4769231
0.4769231
0.4766789
0.4766789
0.4766789
0.4766789
0.4766789
0.4766789
0.4766789
0.4766789
0.4766789
0.4766789
0.4766789
0.4769231
0.4769231
0.4769231
0.4766789
0.4766789
0.4769231
0.4769231
0.4766789
0.4766789
0.4769231
0.4766789
0.4769231
0.4769231
0.4769231
0.4769231
0.4769231
0.4769231
0.4769231
0.4769231
0.4769231
0.4769231
0.4771673
0.4771673
0.4769231
0.4771673
0.4766789
0.4764347
